26.4061 45.3285 9.63073 47.2714 49.7208 39.0156 76.4303 35.0866 59.8717 37.5477 21.8239 51.6635 42.3282 30.6406 74.6981 0
26.4061 45.3285 9.63073 47.2714 49.7208 39.0156 76.4303 35.0866 59.8717 37.5477 21.8239 51.6635 42.3282 30.6406 74.6981 0
26.4061 45.3285 9.63073 47.2714 49.7208 39.0156 76.4303 35.0866 59.8717 37.5477 21.8239 51.6635 42.3282 30.6406 74.6981 0
26.4061 45.3284 9.63072 47.2714 49.7208 39.0155 76.4304 35.0867 59.8716 37.5477 21.8238 51.6635 42.3283 30.6406 74.698 0
26.4061 45.3285 9.63073 47.2714 49.7208 39.0156 76.4303 35.0866 59.8717 37.5477 21.8239 51.6635 42.3282 30.6406 74.6981 0
26.4063 45.3285 9.63048 47.2714 49.7206 39.0158 76.4304 35.0868 59.8717 37.5479 21.8239 51.6636 42.328 30.6404 74.698 0
26.4061 45.3285 9.63073 47.2714 49.7208 39.0156 76.4303 35.0866 59.8717 37.5477 21.8239 51.6635 42.3282 30.6406 74.6981 0
26.406 45.3284 9.63069 47.2714 49.7208 39.0156 76.4303 35.0866 59.8717 37.5477 21.8239 51.6635 42.3283 30.6406 74.6981 0
26.4774 45.3456 9.51518 47.0549 49.6674 39.1615 76.5998 35.0718 59.8855 37.5177 21.8967 51.4426 42.4858 30.6867 74.5709 0
26.4061 45.3285 9.63073 47.2714 49.7208 39.0156 76.4303 35.0866 59.8717 37.5477 21.8239 51.6635 42.3282 30.6406 74.6981 0
26.4061 45.3285 9.63073 47.2714 49.7208 39.0156 76.4303 35.0866 59.8717 37.5477 21.8239 51.6635 42.3282 30.6406 74.6981 0
26.4061 45.3284 9.63057 47.2714 49.7207 39.0154 76.4305 35.0866 59.8717 37.5477 21.824 51.6635 42.3284 30.6406 74.6981 0
26.2939 43.1983 6.17784 49.8834 51.9065 41.5853 78.2454 36.4567 60.556 40.0067 18.6386 48.3069 45.7507 29.0348 72.5042 0
27.9178 45.34 9.92808 45.9554 50.0191 37.7485 75.6359 35.8688 59.3898 38.732 23.1003 52.2712 40.989 29.8562 75.4795 0
26.4067 45.3283 9.62925 47.2728 49.7222 39.0149 76.4296 35.0851 59.8704 37.5488 21.8252 51.6635 42.3283 30.6418 74.6978 0
26.3943 45.3373 9.62074 47.267 49.7073 39.0079 76.417 35.0734 59.8811 37.5419 21.8322 51.661 42.3253 30.6525 74.6893 0
26.4061 45.3285 9.63073 47.2714 49.7208 39.0156 76.4303 35.0866 59.8717 37.5477 21.8239 51.6635 42.3282 30.6406 74.6981 0
26.4061 45.3285 9.63073 47.2714 49.7208 39.0156 76.4303 35.0866 59.8717 37.5477 21.8239 51.6635 42.3282 30.6406 74.6981 0
26.3636 45.358 9.67614 47.2823 49.7777 38.9487 76.4298 35.1139 59.8394 37.5092 21.7873 51.624 42.3805 30.6353 74.7426 0
26.401 45.3188 9.63013 47.2713 49.7211 39.0232 76.4283 35.0777 59.8771 37.538 21.8259 51.6769 42.3157 30.6412 74.6944 0
26.4061 45.3285 9.63073 47.2714 49.7208 39.0156 76.4303 35.0866 59.8717 37.5477 21.8239 51.6635 42.3282 30.6406 74.6981 0
26.4061 45.3285 9.63073 47.2715 49.7208 39.0156 76.4303 35.0866 59.8717 37.5477 21.8239 51.6635 42.3283 30.6406 74.698 0
26.4061 45.3285 9.63073 47.2714 49.7208 39.0156 76.4303 35.0866 59.8717 37.5477 21.8239 51.6635 42.3282 30.6406 74.6981 0
25.7229 44.3302 8.84996 48.0099 50.2082 38.7268 76.6333 35.4743 60.4175 37.5953 21.3874 51.6394 42.6779 30.4122 75.7702 0
26.4053 45.3277 9.63038 47.2723 49.721 39.0148 76.4312 35.0858 59.8723 37.5484 21.8243 51.6629 42.3281 30.6404 74.6976 0
26.4061 45.3285 9.63073 47.2714 49.7208 39.0156 76.4303 35.0866 59.8717 37.5477 21.8239 51.6635 42.3282 30.6406 74.6981 0
25.9739 45.9071 9.15829 47.7332 49.0679 39.5484 75.9411 35.0608 59.2543 36.9118 22.3395 51.1438 42.2781 30.6175 74.772 0
26.0905 45.7153 9.88248 47.3405 49.3121 39.3 76.2299 35.1256 59.7425 37.4115 22.2655 51.4548 42.1696 31.0409 74.7346 0
26.4061 45.3288 9.6314 47.2718 49.7211 39.016 76.4312 35.0861 59.872 37.5473 21.824 51.6628 42.3284 30.6413 74.6982 0
26.4152 44.8832 9.70502 47.2191 49.6636 38.8541 76.8529 35.0747 60.3455 37.7881 21.3004 51.6262 42.1121 31.1159 74.1785 0
26.4061 45.3285 9.63073 47.2714 49.7208 39.0156 76.4303 35.0866 59.8717 37.5477 21.8239 51.6635 42.3282 30.6406 74.6981 0
26.5424 45.2535 9.70237 47.3358 49.6519 39.0832 76.2484 35.1479 59.8769 37.5809 21.7907 51.6743 42.3313 30.6463 74.8178 0
26.3267 45.4892 9.6703 47.3208 49.7673 38.8672 76.5069 34.8862 59.7183 37.7199 21.6462 51.5648 42.236 30.8574 74.5067 0
26.4061 45.3285 9.63073 47.2714 49.7208 39.0156 76.4303 35.0866 59.8717 37.5477 21.8239 51.6635 42.3282 30.6406 74.6981 0
26.4061 45.3285 9.63073 47.2714 49.7208 39.0156 76.4303 35.0866 59.8717 37.5477 21.8239 51.6635 42.3282 30.6406 74.6981 0
26.4061 45.3285 9.63073 47.2714 49.7208 39.0156 76.4303 35.0866 59.8717 37.5477 21.8239 51.6635 42.3282 30.6406 74.6981 0
25.9903 45.6162 9.08802 46.6928 50.0942 39.4978 76.8683 34.6128 59.4031 37.8015 22.0779 52.2758 42.9169 30.1299 74.6207 0
21.6341 42.9194 9.51489 48.1422 48.5667 39.4193 75.7892 37.5061 61.2405 41.067 26.5432 51.5444 40.7403 26.4326 70.8976 0
26.4061 45.3285 9.63073 47.2714 49.7208 39.0156 76.4303 35.0866 59.8717 37.5477 21.8239 51.6635 42.3282 30.6406 74.6981 0
26.4061 45.3285 9.63073 47.2714 49.7208 39.0156 76.4303 35.0866 59.8717 37.5477 21.8239 51.6635 42.3282 30.6406 74.6981 0
26.4061 45.3285 9.63073 47.2714 49.7208 39.0156 76.4303 35.0866 59.8717 37.5477 21.8239 51.6635 42.3282 30.6406 74.6981 0
26.4061 45.3285 9.63073 47.2714 49.7208 39.0156 76.4303 35.0866 59.8717 37.5477 21.8239 51.6635 42.3282 30.6406 74.6981 0
26.406 45.3284 9.63066 47.2715 49.721 39.0157 76.4305 35.0867 59.8716 37.5478 21.8237 51.6636 42.3282 30.6406 74.698 0
23.7289 46.4414 6.92562 44.9659 48.1595 36.3643 75.4059 32.7653 57.6074 39.0253 22.1044 52.4483 46.123 26.4886 76.5714 0
26.4458 45.2617 9.68297 47.2625 49.7582 38.9652 76.4718 35.1494 59.8929 37.5362 21.8507 51.6687 42.2927 30.6328 74.6865 0
26.2156 45.021 9.42157 47.3344 49.4389 39.3504 76.3037 34.7772 60.0587 37.5574 22.096 51.3962 42.602 30.9499 74.881 0
26.5447 45.3838 9.62396 47.4234 49.7209 38.859 76.365 35.2814 59.8912 37.4079 22.0311 51.4466 42.5405 30.4798 74.6099 0
26.4061 45.3285 9.63073 47.2714 49.7208 39.0156 76.4303 35.0866 59.8717 37.5477 21.8239 51.6635 42.3282 30.6406 74.6981 0
27.0767 44.8423 10.282 47.8624 49.3609 39.708 75.7454 34.4799 59.328 37.2634 22.1543 51.6212 42.9503 30.3006 74.4385 0
26.3385 45.4046 9.64305 47.3235 49.807 39.0081 76.4712 35.0254 59.9399 37.5571 21.9135 51.6342 42.2989 30.5778 74.6764 0
26.4061 45.3285 9.63073 47.2714 49.7208 39.0156 76.4303 35.0866 59.8717 37.5477 21.8239 51.6635 42.3282 30.6406 74.6981 0
26.4022 45.326 9.62974 47.2716 49.7186 39.0193 76.4265 35.0837 59.873 37.5464 21.8212 51.6674 42.3287 30.6429 74.7019 0
26.4139 45.3346 9.62063 47.2752 49.7174 39.02 76.4433 35.0741 59.882 37.5582 21.8317 51.6551 42.3254 30.644 74.7087 0
27.9607 45.2908 8.85737 46.9316 48.3213 40.6308 75.9066 34.9547 59.2965 38.1594 20.7111 50.248 44.0942 32.3898 73.8326 0
26.4069 45.3287 9.6316 47.2713 49.7204 39.0153 76.4309 35.0869 59.871 37.5485 21.8233 51.6646 42.3271 30.6414 74.6988 0
26.4061 45.3285 9.63073 47.2714 49.7208 39.0156 76.4303 35.0866 59.8717 37.5477 21.8239 51.6635 42.3282 30.6406 74.6981 0
26.4061 45.3285 9.63073 47.2714 49.7208 39.0156 76.4303 35.0866 59.8717 37.5477 21.8239 51.6635 42.3282 30.6406 74.6981 0
26.4061 45.3285 9.63073 47.2714 49.7208 39.0156 76.4303 35.0866 59.8717 37.5477 21.8239 51.6635 42.3282 30.6406 74.6981 0
26.4061 45.3285 9.63073 47.2714 49.7208 39.0156 76.4303 35.0866 59.8717 37.5477 21.8239 51.6635 42.3282 30.6406 74.6981 0
26.1344 45.6706 10.5559 46.4852 50.1024 37.9325 76.5404 35.086 60.8513 36.6546 22.2514 51.6161 43.1852 30.4279 73.6832 0
26.4061 45.3285 9.63073 47.2714 49.7208 39.0156 76.4303 35.0866 59.8717 37.5477 21.8239 51.6635 42.3282 30.6406 74.6981 0
26.4149 45.3258 9.63384 47.2773 49.7219 39.0234 76.4298 35.0816 59.8706 37.5554 21.8323 51.6691 42.32 30.6395 74.7049 0
26.3971 45.5447 9.6434 47.215 49.6925 39.2414 76.5884 35.2022 60.0977 37.3334 21.8996 51.4488 42.351 30.6643 74.7818 0
26.4061 45.3285 9.63074 47.2714 49.7208 39.0156 76.4303 35.0866 59.8717 37.5477 21.8239 51.6635 42.3282 30.6406 74.6981 0
26.4066 45.3262 9.63041 47.2713 49.7187 39.0173 76.4305 35.0878 59.8708 37.5488 21.8235 51.664 42.3288 30.6397 74.6988 0
26.4061 45.3285 9.63073 47.2714 49.7208 39.0156 76.4303 35.0866 59.8717 37.5477 21.8239 51.6635 42.3282 30.6406 74.6981 0
26.4061 45.3285 9.63073 47.2714 49.7208 39.0156 76.4303 35.0866 59.8717 37.5477 21.8239 51.6635 42.3282 30.6406 74.6981 0
28.1313 41.8274 14.3691 43.7412 48.7594 45.4241 76.5055 33.9948 56.7767 37.4774 29.8338 52.0234 48.531 31.6245 68.9317 1
28.1314 41.8272 14.3692 43.7414 48.7596 45.4242 76.5057 33.995 56.7766 37.4775 29.8338 52.0236 48.5308 31.6246 68.9318 1
28.088 41.7757 14.3846 43.7439 48.7898 45.3725 76.519 34.0024 56.8024 37.4809 29.7981 51.9742 48.5544 31.6652 68.9527 1
28.1314 41.8272 14.3692 43.7414 48.7596 45.4242 76.5057 33.995 56.7766 37.4775 29.8338 52.0236 48.5308 31.6247 68.9318 1
28.1314 41.8275 14.3695 43.7417 48.7599 45.4239 76.5058 33.9953 56.7769 37.4774 29.8338 52.0234 48.5305 31.6243 68.932 1
28.1314 41.8272 14.3692 43.7414 48.7596 45.4242 76.5057 33.995 56.7766 37.4775 29.8338 52.0236 48.5308 31.6246 68.9318 1
28.1314 41.8272 14.3692 43.7414 48.7596 45.4242 76.5057 33.995 56.7766 37.4775 29.8338 52.0236 48.5308 31.6246 68.9318 1
28.1314 41.8272 14.3692 43.7414 48.7596 45.4242 76.5057 33.995 56.7766 37.4775 29.8338 52.0236 48.5308 31.6246 68.9318 1
28.1314 41.8272 14.3692 43.7414 48.7596 45.4242 76.5057 33.995 56.7766 37.4775 29.8338 52.0236 48.5308 31.6246 68.9318 1
28.3149 41.7775 14.3152 43.8846 48.9339 45.4165 76.6501 34.1483 56.9733 37.4653 29.9936 52.1664 48.6635 31.774 68.9495 1
28.1314 41.8272 14.3692 43.7414 48.7596 45.4242 76.5057 33.995 56.7766 37.4775 29.8338 52.0236 48.5308 31.6246 68.9318 1
28.1312 41.8274 14.3692 43.7414 48.7594 45.4244 76.5058 33.9948 56.7766 37.4774 29.8339 52.0234 48.5307 31.6246 68.932 1
28.1314 41.8272 14.3692 43.7414 48.7596 45.4242 76.5057 33.995 56.7766 37.4775 29.8338 52.0236 48.5308 31.6246 68.9318 1
28.0822 41.8311 14.4048 43.7774 48.7109 45.4447 76.4893 34.0207 56.734 37.5448 29.896 52.0848 48.5566 31.6244 68.9845 1
28.1429 41.8313 14.3703 43.7351 48.7642 45.4235 76.5117 33.9945 56.7714 37.4769 29.8335 52.0284 48.525 31.6245 68.9397 1
28.1531 41.7869 14.3707 43.7663 48.773 45.4387 76.4904 34.0023 56.8317 37.4444 29.7834 51.9746 48.4812 31.6646 68.9031 1
28.1406 41.8363 14.3783 43.737 48.7578 45.42 76.512 33.9829 56.781 37.4734 29.8276 52.0193 48.5273 31.6257 68.9282 1
28.1314 41.8272 14.3692 43.7414 48.7596 45.4242 76.5057 33.995 56.7766 37.4775 29.8338 52.0236 48.5308 31.6246 68.9318 1
28.1272 41.8323 14.3676 43.7448 48.7568 45.4279 76.5016 33.9942 56.7725 37.4753 29.8337 52.0252 48.5351 31.6276 68.9277 1
28.1314 41.8272 14.3692 43.7414 48.7596 45.4242 76.5057 33.995 56.7766 37.4775 29.8338 52.0236 48.5308 31.6246 68.9318 1
28.1314 41.8272 14.3692 43.7414 48.7596 45.4242 76.5057 33.995 56.7766 37.4775 29.8338 52.0236 48.5308 31.6246 68.9318 1
28.1257 41.8107 14.379 43.7415 48.7415 45.4317 76.5048 33.9887 56.7865 37.478 29.8388 52.0245 48.519 31.6203 68.9392 1
28.1314 41.8272 14.3692 43.7414 48.7596 45.4242 76.5057 33.995 56.7766 37.4775 29.8338 52.0236 48.5308 31.6246 68.9318 1
28.1314 41.8272 14.3692 43.7414 48.7596 45.4242 76.5057 33.995 56.7766 37.4775 29.8338 52.0236 48.5308 31.6246 68.9318 1
28.1314 41.8272 14.3692 43.7414 48.7596 45.4242 76.5057 33.995 56.7766 37.4775 29.8338 52.0236 48.5308 31.6246 68.9318 1
27.6391 41.8577 14.5599 44.1313 48.1032 46.3142 76.9542 34.0034 57.3356 37.7411 30.3969 50.9706 48.9057 30.6184 68.6537 1
28.1314 41.8272 14.3692 43.7414 48.7596 45.4242 76.5057 33.995 56.7766 37.4775 29.8338 52.0236 48.5308 31.6246 68.9318 1
27.8743 42.1161 14.2148 43.7496 48.8576 45.2211 76.7515 34.3557 56.3587 37.196 30.0961 52.0892 48.5615 32.049 68.9106 1
28.1314 41.8272 14.3692 43.7414 48.7596 45.4242 76.5057 33.995 56.7766 37.4775 29.8338 52.0236 48.5308 31.6246 68.9318 1
27.7686 40.9992 13.6078 42.9602 49.3484 45.4358 77.1265 34.7115 56.1086 38.2998 29.671 51.5127 49.3601 31.9397 68.3038 1
28.1152 41.8248 14.3708 43.7581 48.7418 45.4176 76.525 33.9972 56.7821 37.4559 29.8409 52.0357 48.5098 31.6403 68.9112 1
28.1314 41.8272 14.3692 43.7414 48.7596 45.4242 76.5057 33.995 56.7766 37.4775 29.8338 52.0236 48.5308 31.6246 68.9318 1
28.1314 41.8272 14.3692 43.7414 48.7596 45.4242 76.5057 33.995 56.7766 37.4775 29.8338 52.0236 48.5308 31.6246 68.9318 1
28.1314 41.8272 14.3692 43.7414 48.7596 45.4242 76.5057 33.995 56.7766 37.4775 29.8338 52.0236 48.5308 31.6246 68.9318 1
28.1314 41.8272 14.3692 43.7414 48.7596 45.4242 76.5057 33.995 56.7766 37.4775 29.8337 52.0236 48.5308 31.6246 68.9318 1
28.129 41.8252 14.373 43.7405 48.756 45.4277 76.5033 33.9964 56.7781 37.4778 29.8308 52.0201 48.534 31.6269 68.9337 1
28.1314 41.8272 14.3692 43.7414 48.7596 45.4242 76.5057 33.995 56.7766 37.4775 29.8338 52.0236 48.5308 31.6246 68.9318 1
28.1314 41.8272 14.3692 43.7414 48.7596 45.4242 76.5057 33.995 56.7766 37.4775 29.8338 52.0236 48.5308 31.6246 68.9318 1
27.9088 41.7314 14.2558 43.6618 48.4072 45.2921 76.6315 34.0474 57.2298 37.4318 30.0977 51.6514 48.7604 31.7204 68.5134 1
28.1054 41.8455 14.4056 43.7211 48.7782 45.3984 76.5383 34.008 56.7573 37.5052 29.7978 52.0505 48.5346 31.6025 68.9157 1
28.1314 41.8272 14.3692 43.7414 48.7596 45.4242 76.5057 33.995 56.7766 37.4775 29.8338 52.0236 48.5308 31.6246 68.9318 1
29.6917 43.5165 16.4615 42.6203 49.5536 46.7834 74.9827 36.6864 57.3706 36.4326 32.7572 53.7149 46.0643 32.4519 66.4284 1
28.1313 41.8271 14.3691 43.7414 48.7595 45.4242 76.5056 33.9949 56.7765 37.4775 29.8337 52.0236 48.5308 31.6247 68.9318 1
28.1795 41.8871 14.3756 43.7839 48.7634 45.4308 76.4947 34.0483 56.828 37.4925 29.8805 52.0175 48.5579 31.6141 69.0049 1
28.1314 41.8272 14.3692 43.7414 48.7596 45.4242 76.5057 33.995 56.7766 37.4775 29.8338 52.0236 48.5308 31.6246 68.9318 1
27.9821 41.8379 14.3508 43.8464 48.7408 45.4221 76.3808 34.0694 56.767 37.4585 29.7512 51.9263 48.5871 31.5771 68.8452 1
28.1314 41.8272 14.3692 43.7414 48.7596 45.4242 76.5057 33.995 56.7766 37.4775 29.8338 52.0236 48.5308 31.6246 68.9318 1
28.1314 41.8272 14.3691 43.7413 48.7596 45.4243 76.5057 33.995 56.7765 37.4774 29.8338 52.0236 48.5307 31.6246 68.9318 1
28.131 41.825 14.3695 43.7416 48.7571 45.4238 76.5031 33.9986 56.7731 37.478 29.8305 52.0212 48.5298 31.6212 68.9343 1
28.1314 41.8272 14.3692 43.7414 48.7596 45.4242 76.5057 33.995 56.7766 37.4775 29.8338 52.0236 48.5308 31.6246 68.9318 1
27.7197 42.1024 14.5229 43.4703 48.7577 45.7065 76.3364 33.6875 56.9802 37.3386 29.7325 51.9346 48.4984 31.1407 68.6308 1
28.1427 41.7707 14.3139 43.7611 48.665 45.5612 76.5357 34.008 56.8647 37.4882 29.79 52.1656 48.5775 31.659 68.9287 1
28.15 41.8322 14.3796 43.7168 48.7614 45.4522 76.463 34.0386 56.7431 37.4577 29.832 52.0511 48.5237 31.6326 68.9406 1
28.0547 41.8267 14.2807 43.8726 48.8491 45.6554 76.4821 34.0779 56.5033 37.2011 29.747 52.0596 48.7146 31.5767 68.9226 1
26.3886 41.6579 13.5403 45.5386 50.941 46.3197 75.2252 31.1005 56.2357 37.2683 31.7336 49.7669 49.6302 32.7008 72.027 1
28.1402 41.8321 14.3667 43.7328 48.7645 45.4068 76.5228 34.0034 56.7794 37.4694 29.8313 52.012 48.5141 31.6179 68.9337 1
28.1314 41.8272 14.3692 43.7414 48.7596 45.4242 76.5057 33.995 56.7766 37.4775 29.8338 52.0236 48.5308 31.6246 68.9318 1
28.1314 41.8272 14.3692 43.7414 48.7596 45.4242 76.5057 33.995 56.7766 37.4775 29.8338 52.0236 48.5308 31.6246 68.9318 1
28.1314 41.8272 14.3692 43.7414 48.7596 45.4242 76.5057 33.995 56.7766 37.4775 29.8338 52.0236 48.5308 31.6246 68.9318 1
28.1314 41.8272 14.3692 43.7414 48.7596 45.4242 76.5057 33.995 56.7766 37.4775 29.8338 52.0236 48.5308 31.6246 68.9318 1
27.9412 41.693 13.6564 42.9297 48.2591 45.5866 76.6933 34.0751 56.7804 37.0216 29.4026 52.0326 47.7972 31.3282 69.2997 1
27.3669 40.2132 14.3216 44.926 48.7045 45.055 77.0756 33.9133 58.1044 39.0742 30.385 51.2409 47.6411 31.112 69.3669 1
28.1314 41.8272 14.3692 43.7414 48.7596 45.4242 76.5057 33.995 56.7766 37.4775 29.8338 52.0236 48.5308 31.6246 68.9318 1
33.399 42.7569 14.7524 49.3636 49.0396 43.09 75.925 36.4632 56.3427 35.1008 36.0064 54.0876 41.2924 37.2766 64.593 2
33.3995 42.7519 14.7555 49.3636 49.0375 43.086 75.9248 36.4612 56.3377 35.0996 36.0052 54.0898 41.2961 37.2805 64.5944 2
33.3997 42.7518 14.7548 49.3639 49.0383 43.0855 75.924 36.4618 56.3383 35.0993 36.0054 54.0902 41.2962 37.2795 64.5949 2
33.3997 42.7518 14.7548 49.3639 49.0383 43.0855 75.924 36.4618 56.3383 35.0993 36.0054 54.0903 41.2962 37.2795 64.5949 2
33.3997 42.7518 14.7548 49.3639 49.0383 43.0855 75.924 36.4618 56.3383 35.0993 36.0054 54.0903 41.2962 37.2795 64.5949 2
33.3997 42.7518 14.7548 49.3639 49.0383 43.0855 75.924 36.4618 56.3383 35.0993 36.0054 54.0903 41.2962 37.2795 64.5949 2
33.3997 42.7518 14.7548 49.3639 49.0383 43.0855 75.924 36.4618 56.3383 35.0993 36.0054 54.0903 41.2962 37.2795 64.5949 2
33.42 42.7249 14.7179 49.3275 49.0139 43.1181 75.9207 36.4889 56.3524 35.0806 35.9858 54.1075 41.2628 37.2736 64.5765 2
33.3997 42.7518 14.7548 49.3639 49.0383 43.0855 75.924 36.4618 56.3383 35.0993 36.0054 54.0903 41.2962 37.2795 64.5949 2
33.3997 42.7518 14.7548 49.3639 49.0383 43.0855 75.924 36.4618 56.3383 35.0993 36.0054 54.0903 41.2962 37.2795 64.5949 2
33.3996 42.7518 14.7548 49.3639 49.0383 43.0855 75.9239 36.4618 56.3383 35.0993 36.0054 54.0902 41.2962 37.2796 64.5949 2
33.3997 42.7518 14.7548 49.3639 49.0383 43.0855 75.924 36.4618 56.3383 35.0993 36.0054 54.0903 41.2962 37.2795 64.5949 2
33.398 42.751 14.7562 49.3628 49.0379 43.0864 75.9228 36.463 56.3399 35.1003 36.0062 54.0901 41.2974 37.2805 64.5932 2
33.3997 42.7518 14.7548 49.3639 49.0383 43.0855 75.924 36.4618 56.3383 35.0993 36.0054 54.0903 41.2962 37.2795 64.5949 2
33.3997 42.7518 14.7548 49.3639 49.0383 43.0855 75.924 36.4618 56.3383 35.0993 36.0054 54.0903 41.2962 37.2795 64.5949 2
33.3997 42.7519 14.7548 49.3638 49.0384 43.0856 75.9241 36.4618 56.3384 35.0993 36.0054 54.0904 41.2962 37.2797 64.5949 2
33.3997 42.7518 14.7548 49.3639 49.0383 43.0855 75.924 36.4618 56.3383 35.0993 36.0054 54.0903 41.2962 37.2795 64.5949 2
33.3997 42.7518 14.7548 49.3639 49.0383 43.0855 75.924 36.4618 56.3383 35.0993 36.0054 54.0903 41.2962 37.2795 64.5949 2
33.3993 42.7511 14.7535 49.3664 49.0368 43.0877 75.9223 36.4631 56.3408 35.0997 36.0028 54.0888 41.2984 37.2798 64.5943 2
33.4105 42.742 14.7694 49.3875 49.027 43.0882 75.9183 36.445 56.3192 35.0971 36.0074 54.0925 41.2697 37.2453 64.5983 2
33.3998 42.7519 14.7547 49.364 49.0381 43.0853 75.9239 36.462 56.3384 35.0994 36.0055 54.0901 41.296 37.2797 64.5948 2
33.3989 42.7508 14.7551 49.3637 49.0375 43.0864 75.923 36.4625 56.3385 35.1 36.0047 54.0902 41.297 37.279 64.5957 2
33.3984 42.7539 14.7538 49.3661 49.0386 43.0869 75.9233 36.4626 56.3398 35.0962 36.0058 54.0889 41.2934 37.2781 64.5965 2
33.5161 42.6735 14.9571 49.5808 49.1517 42.7495 75.6518 36.2805 56.6039 35.0088 35.9007 54.2378 41.0133 37.578 64.3192 2
33.3982 42.7518 14.7552 49.3656 49.0392 43.0854 75.9242 36.4599 56.3368 35.1006 36.0058 54.0893 41.2942 37.2788 64.593 2
33.3997 42.7518 14.7548 49.3639 49.0383 43.0855 75.924 36.4618 56.3383 35.0993 36.0054 54.0903 41.2962 37.2795 64.5949 2
33.3997 42.7518 14.7548 49.3639 49.0383 43.0855 75.924 36.4618 56.3383 35.0993 36.0054 54.0903 41.2962 37.2795 64.5949 2
34.8571 42.5928 15.3966 49.3556 48.8198 44.1231 76.626 37.0885 56.3352 34.5847 36.6673 52.6091 40.5448 38.4993 65.472 2
33.3996 42.7519 14.755 49.3637 49.0385 43.0856 75.9239 36.4617 56.3384 35.0994 36.0053 54.0902 41.2963 37.2794 64.5951 2
33.6698 42.6267 14.9879 49.0851 48.828 43.4123 75.9497 36.5331 56.0343 35.3497 36.1719 54.1046 41.3272 37.3325 64.8211 2
33.3997 42.7518 14.7548 49.3639 49.0383 43.0854 75.9239 36.4618 56.3383 35.0993 36.0054 54.0903 41.2962 37.2796 64.5949 2
33.3997 42.7518 14.7548 49.3639 49.0384 43.0855 75.924 36.4617 56.3383 35.0994 36.0054 54.0903 41.2962 37.2796 64.5949 2
36.5335 45.247 11.9407 51.0102 45.9449 45.9888 75.8542 38.9117 57.0635 32.9459 33.3503 52.203 44.2369 39.9146 64.1768 2
33.3997 42.7518 14.7548 49.3639 49.0383 43.0855 75.924 36.4618 56.3383 35.0993 36.0054 54.0903 41.2962 37.2795 64.5949 2
33.3997 42.7518 14.7548 49.3639 49.0383 43.0855 75.924 36.4618 56.3383 35.0993 36.0054 54.0903 41.2962 37.2795 64.5949 2
33.3997 42.7516 14.7551 49.3637 49.0384 43.0851 75.9242 36.4617 56.3384 35.0996 36.0057 54.09 41.2961 37.2797 64.5952 2
33.3997 42.7518 14.7548 49.3639 49.0383 43.0855 75.924 36.4618 56.3383 35.0993 36.0054 54.0903 41.2962 37.2795 64.5949 2
33.3997 42.7518 14.7548 49.3639 49.0383 43.0855 75.924 36.4618 56.3383 35.0993 36.0054 54.0903 41.2962 37.2795 64.5949 2
33.0616 42.0775 15.0281 49.503 49.2095 42.9273 75.5741 37.0329 57.1728 34.3449 35.1534 53.6825 40.654 38.1305 65.0229 2
33.4082 42.7645 14.7713 49.3688 49.0299 43.0679 75.9264 36.4442 56.3421 35.0821 35.9924 54.0916 41.2769 37.2567 64.6172 2
33.3629 41.4361 16.0828 49.569 48.1911 42.576 74.4621 37.4144 57.408 35.443 36.4743 53.77 42.2875 36.7628 66.0836 2
33.3997 42.7518 14.7548 49.3639 49.0383 43.0855 75.924 36.4618 56.3383 35.0993 36.0054 54.0903 41.2962 37.2795 64.5949 2
33.3997 42.7518 14.7548 49.3639 49.0383 43.0855 75.924 36.4618 56.3383 35.0993 36.0054 54.0902 41.2962 37.2796 64.5949 2
33.3997 42.7518 14.7548 49.3639 49.0383 43.0855 75.924 36.4618 56.3383 35.0993 36.0054 54.0903 41.2962 37.2795 64.5949 2
33.3997 42.7518 14.7548 49.3639 49.0383 43.0855 75.924 36.4618 56.3383 35.0993 36.0054 54.0903 41.2962 37.2795 64.5949 2
33.3997 42.7518 14.7548 49.3639 49.0383 43.0855 75.924 36.4618 56.3383 35.0993 36.0054 54.0902 41.2962 37.2795 64.5949 2
33.3997 42.7518 14.7548 49.3639 49.0383 43.0855 75.924 36.4618 56.3383 35.0993 36.0054 54.0903 41.2962 37.2795 64.5949 2
33.3745 42.704 14.7851 49.3427 49.0111 43.1198 75.9195 36.4469 56.3417 35.089 35.9927 54.0438 41.2481 37.3313 64.5582 2
33.3999 42.7526 14.7555 49.3635 49.0384 43.0856 75.9248 36.4621 56.3388 35.0997 36.0054 54.0894 41.2964 37.2796 64.5957 2
33.4031 42.753 14.7569 49.3601 49.0364 43.0827 75.9265 36.4598 56.3371 35.1 36.007 54.0905 41.2966 37.2785 64.5926 2
33.3997 42.7518 14.7548 49.3639 49.0383 43.0855 75.924 36.4618 56.3383 35.0993 36.0054 54.0903 41.2962 37.2795 64.5949 2
33.3997 42.7518 14.7548 49.3639 49.0383 43.0855 75.924 36.4618 56.3383 35.0993 36.0054 54.0903 41.2962 37.2795 64.5949 2
29.4555 43.3001 22.0635 40.8671 43.8921 34.2863 76.9111 34.7951 54.7621 39.6129 35.3266 42.2492 45.5058 34.0326 61.7281 3
29.4555 43.3001 22.0635 40.8671 43.8921 34.2863 76.9111 34.7951 54.7621 39.6129 35.3266 42.2492 45.5058 34.0326 61.7281 3
31.9906 41.2524 23.7741 39.2927 43.3317 32.2584 76.646 33.1919 52.9307 38.1964 32.9243 40.0335 44.0986 32.3113 62.7671 3
33.3845 38.1433 18.7524 37.082 40.5847 34.4695 81.2512 38.8656 59.2926 43.6026 35.2121 46.21 48.5791 38.1152 59.5738 3
29.4555 43.3001 22.0635 40.8671 43.8921 34.2863 76.9111 34.7951 54.7621 39.6129 35.3266 42.2492 45.5058 34.0326 61.7281 3
29.4555 43.3001 22.0635 40.8671 43.8921 34.2863 76.9112 34.7951 54.7621 39.6129 35.3266 42.2492 45.5058 34.0326 61.7281 3
29.4555 43.3001 22.0635 40.8671 43.8921 34.2863 76.9111 34.7951 54.7621 39.6129 35.3266 42.2492 45.5058 34.0326 61.7281 3
29.4555 43.3001 22.0635 40.8671 43.8921 34.2863 76.9111 34.7951 54.7621 39.6129 35.3266 42.2492 45.5058 34.0326 61.7281 3
29.4555 43.3001 22.0635 40.8671 43.8921 34.2863 76.9111 34.7951 54.7621 39.6129 35.3266 42.2492 45.5058 34.0326 61.7281 3
29.4555 43.3001 22.0635 40.8671 43.8921 34.2863 76.9111 34.7951 54.7621 39.6129 35.3266 42.2492 45.5058 34.0326 61.7281 3
29.3521 43.0957 21.8901 41.0433 43.6374 34.1012 76.9722 34.9039 54.5413 39.3588 35.5801 42.4558 45.3707 34.0862 61.7017 3
29.3655 43.4426 22.1022 40.954 43.9355 34.2059 76.8207 34.7264 54.8196 39.4344 35.2581 42.1809 45.5082 34.0814 61.6094 3
29.4555 43.3001 22.0635 40.8671 43.8921 34.2863 76.9111 34.7951 54.7621 39.6129 35.3266 42.2492 45.5058 34.0326 61.7281 3
28.03 43.6518 22.1702 41.1073 44.4076 34.1062 78.1069 34.8306 53.5208 41.1267 34.7439 41.7906 44.5462 33.9927 60.2225 3
29.4555 43.3001 22.0635 40.8671 43.8921 34.2863 76.9111 34.7951 54.7621 39.6129 35.3266 42.2492 45.5058 34.0326 61.7281 3
29.4556 43.3001 22.0635 40.8671 43.8921 34.2863 76.9112 34.7951 54.7621 39.6129 35.3266 42.2492 45.5058 34.0326 61.7281 3
29.4555 43.3001 22.0635 40.8671 43.8921 34.2863 76.9111 34.7951 54.7621 39.6129 35.3266 42.2492 45.5058 34.0326 61.7281 3
29.4616 43.3062 22.0713 40.8574 43.9001 34.2875 76.9081 34.79 54.77 39.6203 35.3253 42.2452 45.4961 34.0393 61.7328 3
29.4555 43.3001 22.0635 40.8671 43.8921 34.2863 76.9111 34.7951 54.7621 39.6129 35.3266 42.2492 45.5058 34.0326 61.7281 3
29.4555 43.3001 22.0635 40.8671 43.8921 34.2863 76.9111 34.7951 54.7621 39.6129 35.3266 42.2492 45.5058 34.0326 61.7281 3
29.4555 43.3001 22.0635 40.8671 43.8921 34.2863 76.9111 34.7951 54.7621 39.6129 35.3266 42.2492 45.5058 34.0326 61.7281 3
29.6784 43.2178 22.0319 40.6848 43.7006 34.1662 76.7581 34.9562 54.9765 39.4716 35.2969 42.2461 45.4965 34.2535 61.9088 3
28.711 43.6092 21.449 41.5408 43.9731 33.4184 77.1735 33.9959 54.0491 40.0325 35.4827 42.6153 46.3016 33.5408 61.2226 3
29.4555 43.2999 22.0634 40.867 43.8922 34.2863 76.9111 34.7952 54.7622 39.6131 35.3266 42.249 45.5057 34.0326 61.7282 3
29.4555 43.3001 22.0635 40.8671 43.8921 34.2863 76.9111 34.7951 54.7621 39.6129 35.3266 42.2492 45.5058 34.0326 61.7281 3
29.4555 43.3001 22.0635 40.8671 43.8921 34.2863 76.9111 34.7951 54.7621 39.6129 35.3266 42.2492 45.5058 34.0326 61.7281 3
29.0093 43.662 21.8777 41.2239 43.8505 34.8698 76.2792 34.939 54.8633 40.1272 35.2625 42.1387 45.8184 34.5138 62.0954 3
29.1835 43.8115 21.0552 41.2695 44.0429 33.7639 77.0566 34.7047 53.7419 40.0781 35.3015 41.679 44.5471 33.2805 62.2585 3
29.4556 43.3001 22.0635 40.867 43.8921 34.2863 76.9112 34.7951 54.7621 39.6129 35.3266 42.2491 45.5058 34.0326 61.7281 3
29.4555 43.3001 22.0635 40.8671 43.8921 34.2863 76.9111 34.7951 54.7621 39.6129 35.3266 42.2492 45.5058 34.0326 61.7281 3
28.9973 43.162 22.0841 41.1211 44.045 33.8632 76.5733 35.0501 55.0026 39.6694 35.5192 42.412 45.4722 33.5647 61.4214 3
29.5511 42.8377 23.4641 41.0645 41.9913 34.7619 78.3434 33.0134 54.3933 39.4512 34.6718 42.1698 47.2925 33.911 59.6922 3
29.2521 41.6932 22.7149 42.7044 43.574 33.853 76.2481 34.1595 56.5473 39.0203 34.4372 40.9522 43.9765 34.0699 62.0241 3
29.4555 43.3001 22.0635 40.8671 43.8921 34.2863 76.9111 34.7951 54.7621 39.6129 35.3266 42.2492 45.5058 34.0326 61.7281 3
29.8654 42.9798 21.9175 40.7739 44.2534 33.9734 76.7894 35.1074 54.8014 39.729 35.4733 42.647 45.4335 34.3895 62.2158 3
29.4555 43.3001 22.0635 40.8671 43.8921 34.2863 76.9111 34.7951 54.7621 39.6129 35.3266 42.2492 45.5058 34.0326 61.7281 3
29.4555 43.3001 22.0635 40.8671 43.8921 34.2863 76.9111 34.7951 54.7621 39.6129 35.3266 42.2492 45.5058 34.0326 61.7281 3
28.6589 42.6393 22.3066 40.0562 44.4541 33.5893 77.0864 35.5901 54.9066 39.8091 35.803 42.4085 45.5036 34.1446 61.8641 3
28.0549 42.9086 22.6472 41.6625 43.6814 35.1963 76.7302 35.3577 55.1896 40.6678 36.4948 40.8207 46.8641 34.3472 60.7403 3
29.4554 43.3002 22.0634 40.867 43.8921 34.2862 76.911 34.7949 54.762 39.6128 35.3266 42.2493 45.5057 34.0326 61.7283 3
29.4232 43.3021 22.0833 40.8306 43.8939 34.3043 76.925 34.8007 54.7199 39.6551 35.358 42.2529 45.4689 34.037 61.6766 3
29.4502 43.2962 22.0639 40.8712 43.8883 34.2883 76.914 34.8006 54.7667 39.6184 35.3233 42.2493 45.5064 34.0286 61.7278 3
29.4555 43.3001 22.0635 40.8671 43.8921 34.2863 76.9111 34.7951 54.7621 39.6129 35.3266 42.2492 45.5058 34.0326 61.7281 3
29.4555 43.3001 22.0635 40.8671 43.8921 34.2863 76.9111 34.7951 54.7621 39.6129 35.3266 42.2492 45.5058 34.0326 61.7281 3
29.4555 43.3001 22.0635 40.8671 43.8921 34.2863 76.9111 34.7951 54.7621 39.6129 35.3266 42.2492 45.5058 34.0326 61.7281 3
29.448 43.2973 22.0663 40.8748 43.8976 34.2925 76.9258 34.7944 54.7593 39.6167 35.319 42.2618 45.4991 34.0407 61.7259 3
29.2608 43.2774 22.0811 40.8803 43.8052 34.4868 77.0341 34.848 54.8674 39.6798 35.1641 42.059 45.6241 34.0756 61.5553 3
29.4555 43.3001 22.0635 40.8671 43.8921 34.2863 76.9111 34.7951 54.7621 39.6129 35.3266 42.2492 45.5058 34.0326 61.7281 3
29.4555 43.3001 22.0635 40.8671 43.8921 34.2863 76.9111 34.7951 54.7621 39.6129 35.3266 42.2492 45.5058 34.0326 61.7281 3
29.4618 43.3103 22.0778 40.869 43.8855 34.2945 76.9216 34.7795 54.7548 39.6113 35.3283 42.2438 45.5067 34.0326 61.7308 3
29.4555 43.3001 22.0635 40.8671 43.8921 34.2863 76.9111 34.7951 54.7621 39.6129 35.3266 42.2492 45.5058 34.0326 61.7281 3
29.4555 43.3001 22.0635 40.8671 43.8921 34.2863 76.9111 34.7951 54.7621 39.6129 35.3266 42.2492 45.5058 34.0326 61.7281 3
29.2827 43.0988 21.6175 40.5236 43.5025 33.8261 76.9148 34.8513 54.9059 39.9395 34.8954 42.3481 45.4229 34.3468 61.8152 3
29.4555 43.3001 22.0635 40.8671 43.8921 34.2863 76.9111 34.7951 54.7621 39.6129 35.3266 42.2492 45.5058 34.0326 61.7281 3
29.4527 43.3025 22.0599 40.8684 43.8943 34.285 76.9081 34.7915 54.7626 39.6111 35.3234 42.2489 45.503 34.0292 61.7269 3
29.4555 43.3001 22.0635 40.8671 43.8921 34.2863 76.9111 34.7951 54.7621 39.6129 35.3266 42.2492 45.5058 34.0326 61.7281 3
29.4524 43.2977 22.065 40.8687 43.8946 34.2888 76.9078 34.795 54.7654 39.616 35.3298 42.2473 45.509 34.032 61.7248 3
29.4555 43.3001 22.0636 40.867 43.8921 34.2864 76.911 34.7951 54.762 39.6128 35.3267 42.2491 45.5059 34.0326 61.7282 3
29.4558 43.2997 22.0634 40.8664 43.8916 34.287 76.9116 34.7958 54.7619 39.6122 35.3264 42.2485 45.5064 34.0333 61.7278 3
29.4555 43.3001 22.0635 40.8671 43.8921 34.2863 76.9112 34.7951 54.7622 39.6129 35.3266 42.2492 45.5058 34.0326 61.7281 3
29.4555 43.3001 22.0635 40.8671 43.8921 34.2863 76.9111 34.7951 54.7621 39.6129 35.3266 42.2492 45.5058 34.0326 61.7281 3
29.4679 46.422 23.239 42.4707 48.7984 32.8518 73.2443 38.0411 58.8163 37.0589 38.1437 41.8121 39.9937 38.3055 66.3817 3
29.4555 43.3001 22.0635 40.8671 43.8921 34.2863 76.9111 34.7951 54.7621 39.6129 35.3266 42.2492 45.5058 34.0326 61.7281 3
29.4556 43.3 22.0634 40.8671 43.892 34.2861 76.9113 34.7951 54.7621 39.6129 35.3265 42.249 45.5058 34.0327 61.7281 3
44.5963 44.0468 23.9844 37.1472 45.7196 46.5586 70.9643 44.9397 52.4653 44.63 35.0463 52.4195 45.3638 44.1443 62.8444 4
40.8796 43.1554 22.5915 41.1173 45.1966 47.7788 70.6908 42.291 56.1672 41.2439 35.7647 47.2928 40.7881 44.1126 65.0498 4
40.483 43.3374 23.5375 41.9768 44.499 46.6785 71.103 41.8829 56.6185 40.9371 35.2479 47.8345 41.6365 44.4571 64.0744 4
40.4081 43.2772 23.597 42.0452 44.5375 46.6276 71.0261 41.8915 56.5976 40.9234 35.2979 47.8043 41.5856 44.4467 64.1013 4
40.5009 43.3158 23.5286 41.9896 44.5051 46.6576 71.1068 41.9002 56.6373 40.9302 35.2268 47.823 41.6232 44.4346 64.0568 4
40.6661 43.173 23.9297 41.7655 44.5196 46.5922 71.4239 41.7004 56.2578 40.8326 34.813 48.0628 41.3922 44.091 64.3294 4
37.2704 42.6143 23.9046 43.5996 42.4644 49.0346 71.6191 45.2723 54.5862 43.2589 37.5398 50.341 40.4849 41.3231 66.3146 4
40.483 43.3374 23.5375 41.9768 44.4991 46.6785 71.103 41.8829 56.6185 40.9371 35.2479 47.8345 41.6365 44.4571 64.0744 4
40.483 43.3374 23.5375 41.9768 44.4991 46.6785 71.103 41.8829 56.6185 40.9371 35.2479 47.8345 41.6365 44.4571 64.0744 4
40.483 43.3374 23.5375 41.9767 44.4992 46.6786 71.1031 41.8828 56.6186 40.9372 35.2479 47.8346 41.6365 44.4571 64.0744 4
40.4862 43.3406 23.5234 41.9635 44.5 46.695 71.1181 41.8868 56.6323 40.9375 35.2334 47.8457 41.6205 44.4474 64.0641 4
40.4824 43.337 23.5369 41.9767 44.4995 46.6784 71.1023 41.8836 56.619 40.9371 35.2475 47.8347 41.636 44.4569 64.0747 4
40.483 43.3374 23.5375 41.9768 44.4991 46.6785 71.103 41.8829 56.6185 40.9371 35.2479 47.8345 41.6365 44.4571 64.0744 4
40.4734 43.3571 23.5446 41.9908 44.4975 46.6921 71.1015 41.883 56.607 40.9241 35.259 47.848 41.6311 44.446 64.0653 4
40.483 43.3374 23.5375 41.9768 44.4991 46.6785 71.103 41.8829 56.6185 40.9371 35.2479 47.8345 41.6365 44.4571 64.0744 4
40.483 43.3374 23.5375 41.9768 44.4991 46.6785 71.103 41.8829 56.6185 40.9371 35.2479 47.8345 41.6365 44.4571 64.0744 4
40.4839 43.338 23.5366 41.9777 44.4987 46.6784 71.102 41.8834 56.6186 40.9366 35.248 47.834 41.6373 44.457 64.0742 4
40.5289 43.3153 23.5044 42.0257 44.5446 46.7263 71.0786 41.8586 56.59 40.9102 35.2153 47.8334 41.6834 44.4595 64.0932 4
40.4854 43.3372 23.539 41.9769 44.5005 46.6814 71.1048 41.8854 56.6179 40.9368 35.2472 47.8321 41.639 44.4581 64.0774 4
40.4302 43.8137 23.0975 42.4317 45.0448 47.2402 71.5045 41.556 56.708 41.1537 35.0325 48.1821 42.1943 44.3954 63.6818 4
40.483 43.3374 23.5375 41.9768 44.4991 46.6785 71.103 41.8829 56.6185 40.9371 35.2479 47.8345 41.6365 44.4571 64.0744 4
40.7034 47.2659 20.3895 43.4889 46.4076 47.152 70.5516 43.8356 52.8616 37.1502 36.7819 45.1125 38.5643 48.9107 62.5158 4
40.483 43.3374 23.5375 41.9768 44.4991 46.6785 71.103 41.8829 56.6185 40.9371 35.2479 47.8345 41.6365 44.4571 64.0744 4
40.483 43.3373 23.5375 41.9768 44.4991 46.6785 71.1029 41.8829 56.6185 40.9371 35.2479 47.8346 41.6365 44.4571 64.0744 4
40.478 43.3708 23.5755 41.9924 44.5161 46.7012 71.0738 41.8753 56.5939 40.9237 35.2501 47.8413 41.6783 44.4769 64.088 4
40.4831 43.3376 23.5374 41.9765 44.4998 46.6787 71.1029 41.8827 56.6189 40.9365 35.2477 47.8353 41.636 44.4568 64.0753 4
40.483 43.3374 23.5375 41.9768 44.4991 46.6785 71.103 41.8829 56.6185 40.9371 35.2479 47.8345 41.6365 44.4571 64.0744 4
40.483 43.3374 23.5375 41.9768 44.4991 46.6785 71.103 41.8829 56.6185 40.9371 35.2479 47.8345 41.6365 44.4571 64.0744 4
40.483 43.3373 23.5376 41.9768 44.4991 46.6784 71.103 41.8829 56.6185 40.9372 35.248 47.8345 41.6366 44.4571 64.0745 4
40.483 43.3374 23.5375 41.9768 44.4991 46.6785 71.103 41.8829 56.6185 40.9371 35.2479 47.8345 41.6365 44.4571 64.0744 4
40.4467 43.5903 23.616 42.2031 44.7372 46.4214 71.3237 41.898 56.6817 41.0706 35.5101 47.6629 41.3687 44.6556 64.0901 4
40.483 43.3374 23.5375 41.9768 44.4991 46.6785 71.103 41.8829 56.6185 40.9371 35.2479 47.8345 41.6365 44.4571 64.0744 4
40.6139 43.2998 23.5244 41.8601 44.4453 46.6598 71.0306 41.8103 56.5329 41.0694 35.2472 47.7695 41.6852 44.5464 64.0655 4
41.0217 44.9922 22.0714 42.8994 42.3665 47.5248 69.9535 40.6734 57.6764 39.343 33.286 47.5678 42.8796 46.4821 62.6299 4
40.4825 43.3372 23.5371 41.977 44.4986 46.6781 71.1024 41.8828 56.6182 40.9375 35.2474 47.834 41.6362 44.457 64.0741 4
40.4829 43.3382 23.5377 41.9753 44.4972 46.6776 71.1039 41.8811 56.6186 40.938 35.2477 47.8336 41.6359 44.4578 64.0749 4
41.2071 44.5752 24.8221 42.3643 45.5954 47.0004 69.8504 41.7368 58.2344 41.906 35.8738 47.6953 41.536 45.9301 63.7699 4
40.4878 43.3418 23.5423 41.978 44.4984 46.6735 71.1083 41.8772 56.6254 40.9401 35.2483 47.8399 41.6376 44.4609 64.0802 4
40.483 43.3374 23.5375 41.9768 44.4991 46.6785 71.103 41.8829 56.6185 40.9371 35.2479 47.8345 41.6365 44.4571 64.0744 4
40.483 43.3374 23.5375 41.9768 44.4991 46.6785 71.103 41.8829 56.6185 40.9371 35.2479 47.8345 41.6365 44.4571 64.0744 4
41.0724 43.4408 23.4059 42.8825 45.1294 47.0286 70.2306 41.6775 56.7108 40.1801 35.6121 47.7674 41.467 44.6974 63.2221 4
41.4443 43.3935 22.6262 39.7392 43.8386 46.9824 73.1932 41.7742 57.5825 40.0427 36.9411 46.1789 39.8714 47.1786 64.5583 4
40.483 43.3374 23.5375 41.9768 44.4991 46.6785 71.103 41.8829 56.6185 40.9371 35.2479 47.8345 41.6365 44.4571 64.0744 4
40.2698 42.8534 22.8894 42.5202 43.9962 46.6263 71.7228 41.1496 57.4642 40.4497 35.5282 47.7259 41.1837 45.4045 63.0026 4
40.5157 43.2697 23.5041 41.9442 44.4614 46.6688 71.0789 41.8608 56.5494 40.935 35.2663 47.9253 41.58 44.523 64.1698 4
40.483 43.3374 23.5375 41.9768 44.4991 46.6785 71.103 41.8829 56.6185 40.9371 35.2479 47.8345 41.6365 44.4571 64.0744 4
41.2154 40.669 23.5233 42.3571 40.3229 44.3361 74.3261 38.6634 57.3249 39.889 38.9311 47.3421 45.8975 48.5929 59.8061 4
40.4827 43.6919 23.3368 41.6081 44.2701 46.241 71.0697 41.4777 56.4947 40.5775 35.2173 48.1276 41.664 44.654 64.3293 4
40.483 43.3374 23.5375 41.9768 44.4991 46.6785 71.103 41.8829 56.6185 40.9371 35.2479 47.8345 41.6365 44.4571 64.0744 4
40.483 43.3372 23.5376 41.9768 44.4992 46.6786 71.1031 41.8828 56.6184 40.9372 35.2478 47.8344 41.6366 44.457 64.0744 4
40.483 43.3374 23.5375 41.9768 44.4991 46.6785 71.103 41.8829 56.6185 40.9371 35.2479 47.8345 41.6365 44.4571 64.0744 4
40.483 43.3374 23.5375 41.9768 44.4991 46.6785 71.103 41.8829 56.6185 40.9371 35.2479 47.8345 41.6365 44.4571 64.0744 4
40.483 43.3374 23.5375 41.9768 44.4991 46.6785 71.103 41.8829 56.6185 40.9371 35.2479 47.8345 41.6365 44.4571 64.0744 4
40.483 43.3374 23.5375 41.9768 44.4991 46.6785 71.103 41.8829 56.6185 40.9371 35.2479 47.8345 41.6365 44.4571 64.0744 4
40.483 43.3374 23.5375 41.9768 44.499 46.6785 71.1029 41.8829 56.6185 40.9371 35.248 47.8345 41.6365 44.4571 64.0744 4
40.483 43.3374 23.5375 41.9768 44.4991 46.6785 71.103 41.8829 56.6185 40.9371 35.2479 47.8345 41.6365 44.4571 64.0744 4
40.4827 43.3372 23.5368 41.9774 44.4995 46.6788 71.1037 41.8832 56.6186 40.9368 35.2475 47.8345 41.6359 44.4574 64.0744 4
40.4833 43.336 23.5388 41.9774 44.4976 46.6797 71.1041 41.8814 56.6171 40.9374 35.2496 47.8337 41.6368 44.457 64.0755 4
40.4842 43.3379 23.5362 41.9767 44.5001 46.6801 71.1051 41.8825 56.6206 40.9349 35.25 47.834 41.6346 44.4551 64.075 4
40.4805 43.3399 23.5349 41.98 44.4955 46.6772 71.1007 41.8865 56.617 40.9419 35.2475 47.8383 41.6397 44.4527 64.0752 4
40.483 43.3374 23.5375 41.9768 44.4991 46.6785 71.103 41.8829 56.6185 40.9371 35.2479 47.8345 41.6365 44.4571 64.0744 4
40.483 43.3374 23.5375 41.9768 44.4991 46.6785 71.103 41.8829 56.6185 40.9371 35.2479 47.8345 41.6365 44.4571 64.0744 4
39.607 43.8728 24.1879 43.6394 48.2991 47.5484 68.6852 44.0342 55.8242 39.7503 32.9746 45.1234 41.8371 45.1097 63.0921 4
40.4903 43.3839 23.5519 41.9384 44.5298 46.6461 71.1396 41.834 56.577 40.9714 35.2329 47.8679 41.6647 44.4077 64.0309 4
40.4973 43.359 23.5377 41.957 44.5174 46.6867 71.1011 41.8609 56.6042 40.9267 35.233 47.8519 41.6139 44.4423 64.075 4
40.483 43.3374 23.5375 41.9768 44.4991 46.6785 71.103 41.8829 56.6185 40.9371 35.2479 47.8345 41.6365 44.4571 64.0744 4
40.483 43.3374 23.5375 41.9768 44.4991 46.6785 71.103 41.8829 56.6185 40.9371 35.2479 47.8345 41.6365 44.4571 64.0744 4
40.483 43.3374 23.5375 41.9768 44.4991 46.6785 71.103 41.8829 56.6185 40.9371 35.2479 47.8345 41.6365 44.4571 64.0744 4
40.483 43.3374 23.5375 41.9768 44.4991 46.6785 71.103 41.8829 56.6185 40.9371 35.2479 47.8345 41.6365 44.4571 64.0744 4
42.6538 40.4789 21.4668 43.1232 44.863 43.775 68.2145 44.0412 57.0286 37.3295 34.3513 47.3669 41.8246 44.6356 62.2582 4
34.2191 40.8217 25.8918 37.7493 43.7258 37.0923 70.0222 39.9128 56.7755 32.297 34.9756 41.3463 39.8137 47.608 62.9426 5
34.219 40.8218 25.8918 37.7493 43.7257 37.0923 70.0222 39.9129 56.7756 32.2968 34.9755 41.3464 39.8137 47.6079 62.9427 5
34.1609 40.8053 25.9161 37.7769 43.6913 37.0739 70.0435 39.9003 56.8249 32.247 35.0239 41.3527 39.8586 47.6325 62.9772 5
34.2191 40.8217 25.8918 37.7493 43.7258 37.0923 70.0222 39.9128 56.7755 32.297 34.9756 41.3463 39.8137 47.608 62.9426 5
34.082 40.6913 26.1134 37.8439 43.6137 37.2529 69.7596 39.6673 56.735 32.1136 35.0284 41.1675 39.6358 47.7236 62.8554 5
34.2191 40.8217 25.8918 37.7493 43.7258 37.0923 70.0222 39.9128 56.7755 32.297 34.9756 41.3463 39.8137 47.608 62.9426 5
34.2191 40.8217 25.8918 37.7493 43.7258 37.0923 70.0222 39.9128 56.7755 32.297 34.9756 41.3463 39.8137 47.608 62.9426 5
34.2191 40.8217 25.8918 37.7493 43.7258 37.0923 70.0222 39.9128 56.7755 32.297 34.9756 41.3463 39.8137 47.608 62.9426 5
34.2191 40.8217 25.8918 37.7493 43.7258 37.0923 70.0222 39.9128 56.7755 32.297 34.9756 41.3464 39.8137 47.608 62.9426 5
34.2191 40.8219 25.892 37.7492 43.7258 37.0921 70.0223 39.913 56.7757 32.297 34.9756 41.3461 39.8138 47.608 62.9428 5
34.2191 40.8217 25.8918 37.7493 43.7258 37.0923 70.0222 39.9128 56.7755 32.297 34.9756 41.3463 39.8137 47.608 62.9426 5
34.2191 40.8217 25.8918 37.7493 43.7258 37.0923 70.0222 39.9128 56.7755 32.297 34.9756 41.3463 39.8137 47.608 62.9426 5
34.219 40.8218 25.8919 37.7494 43.7258 37.0923 70.0221 39.9129 56.7754 32.297 34.9755 41.3463 39.8137 47.6081 62.9427 5
34.2183 40.7565 25.9669 37.8353 43.7512 37.1239 69.992 39.9837 56.7833 32.3223 35.0422 41.4319 39.7655 47.6062 62.9452 5
34.2191 40.8217 25.8918 37.7493 43.7258 37.0923 70.0222 39.9128 56.7755 32.297 34.9756 41.3463 39.8137 47.608 62.9426 5
34.2191 40.8217 25.8918 37.7493 43.7258 37.0923 70.0222 39.9128 56.7755 32.297 34.9756 41.3464 39.8137 47.608 62.9426 5
34.2191 40.8217 25.8918 37.7493 43.7258 37.0923 70.0222 39.9128 56.7755 32.297 34.9756 41.3463 39.8137 47.608 62.9426 5
34.4883 40.2493 25.7502 38.5996 43.3384 37.7062 70.6917 39.4055 56.5472 32.8211 34.5044 40.7812 39.1757 48.0685 63.4467 5
34.2181 40.8234 25.8904 37.7518 43.7245 37.0941 70.0233 39.9099 56.7737 32.2951 34.9762 41.3479 39.8152 47.6108 62.9424 5
34.9829 41.0003 26.5727 38.466 43.9528 37.5318 69.7098 39.2612 56.133 31.7275 34.0402 40.7835 39.3276 47.2715 62.6335 5
34.246 40.8178 25.9188 37.7519 43.699 37.1545 70.0617 39.974 56.8127 32.2952 35.0176 41.3352 39.7518 47.5552 62.8812 5
34.2191 40.8217 25.8918 37.7493 43.7258 37.0923 70.0222 39.9128 56.7755 32.297 34.9756 41.3463 39.8137 47.608 62.9426 5
34.21 40.7855 25.8548 37.759 43.7564 37.0912 70.0565 39.8847 56.7767 32.3184 34.9985 41.3787 39.8379 47.6221 62.9693 5
34.2468 40.8169 25.8772 37.7509 43.7224 37.1135 70.0293 39.8912 56.7539 32.27 34.9764 41.3486 39.8355 47.6108 62.9186 5
34.2191 40.8217 25.8918 37.7493 43.7258 37.0923 70.0222 39.9128 56.7755 32.297 34.9756 41.3463 39.8137 47.608 62.9426 5
34.2191 40.8217 25.8918 37.7493 43.7258 37.0923 70.0222 39.9128 56.7755 32.297 34.9756 41.3463 39.8137 47.608 62.9426 5
34.2103 40.8445 25.8919 37.7483 43.715 37.0719 70.0112 39.916 56.7964 32.296 34.9778 41.3579 39.7964 47.5744 62.968 5
34.2214 40.8232 25.8824 37.749 43.7306 37.1011 70.0132 39.9221 56.7695 32.2973 34.9842 41.3542 39.806 47.6128 62.9517 5
34.2191 40.8217 25.8918 37.7493 43.7258 37.0923 70.0222 39.9128 56.7755 32.297 34.9756 41.3463 39.8137 47.608 62.9426 5
34.2191 40.8217 25.8918 37.7493 43.7258 37.0923 70.0222 39.9128 56.7755 32.297 34.9756 41.3463 39.8137 47.608 62.9426 5
34.2191 40.8217 25.8918 37.7493 43.7258 37.0923 70.0222 39.9128 56.7755 32.297 34.9756 41.3463 39.8137 47.608 62.9426 5
34.3316 40.5216 25.9505 37.3826 44.019 37.187 69.6932 39.8405 56.4649 32.5305 34.8019 41.1899 39.4729 47.9793 62.5242 5
34.176 40.8008 25.8908 37.7234 43.7276 37.0811 70.0386 39.9127 56.8064 32.3106 34.9618 41.37 39.8257 47.5816 62.908 5
34.2191 40.8217 25.8918 37.7493 43.7258 37.0923 70.0222 39.9128 56.7755 32.297 34.9756 41.3463 39.8137 47.608 62.9426 5
34.2191 40.8217 25.8918 37.7493 43.7258 37.0923 70.0222 39.9128 56.7755 32.297 34.9756 41.3463 39.8137 47.608 62.9426 5
34.2189 40.8213 25.892 37.7491 43.726 37.0922 70.0221 39.9126 56.7759 32.2973 34.9759 41.3464 39.8136 47.6083 62.9423 5
34.22 40.8226 25.8908 37.748 43.7258 37.0914 70.0237 39.9139 56.7758 32.2962 34.9749 41.3466 39.8128 47.6073 62.944 5
34.2191 40.8216 25.8917 37.7493 43.7258 37.0922 70.0221 39.9129 56.7754 32.2971 34.9757 41.3464 39.8138 47.608 62.9427 5
34.2191 40.8217 25.8918 37.7493 43.7258 37.0923 70.0222 39.9128 56.7755 32.297 34.9756 41.3463 39.8137 47.608 62.9426 5
34.2086 40.8355 25.8996 37.7274 43.7204 37.0797 70.0048 39.9375 56.7731 32.2778 34.9775 41.3671 39.8205 47.5935 62.939 5
34.2777 40.235 26.4416 37.2325 43.1831 36.5389 69.6799 40.119 57.1503 31.9127 34.9462 41.3928 39.7233 47.7322 63.3839 5
34.2191 40.8217 25.8918 37.7493 43.7258 37.0923 70.0222 39.9128 56.7755 32.297 34.9756 41.3463 39.8137 47.608 62.9426 5
34.1835 40.8987 25.8186 37.7951 43.7908 37.0614 70.0289 39.8805 56.7257 32.3091 35.0359 41.3431 39.7585 47.674 62.9774 5
34.0312 40.8879 25.8294 38.4166 44.0817 36.7421 69.9451 39.9381 56.9164 32.3602 34.2656 41.7858 40.2641 47.4853 63.3143 5
34.2184 40.8216 25.8927 37.7487 43.7253 37.094 70.0207 39.9154 56.7737 32.2979 34.9749 41.3455 39.8112 47.6103 62.943 5
34.2226 40.8219 25.8902 37.7521 43.7199 37.0945 70.0228 39.915 56.7708 32.296 34.9804 41.3513 39.8089 47.6024 62.945 5
34.2191 40.8217 25.8918 37.7493 43.7258 37.0923 70.0222 39.9128 56.7755 32.297 34.9756 41.3463 39.8137 47.608 62.9426 5
34.2191 40.8217 25.8918 37.7493 43.7258 37.0923 70.0222 39.9128 56.7755 32.297 34.9756 41.3463 39.8137 47.608 62.9426 5
34.2191 40.8217 25.8918 37.7493 43.7258 37.0923 70.0222 39.9128 56.7755 32.297 34.9756 41.3463 39.8137 47.608 62.9426 5
34.2191 40.8217 25.8918 37.7493 43.7258 37.0923 70.0222 39.9128 56.7755 32.297 34.9756 41.3463 39.8137 47.608 62.9426 5
34.2191 40.8217 25.8918 37.7493 43.7258 37.0923 70.0222 39.9128 56.7755 32.297 34.9756 41.3463 39.8137 47.608 62.9426 5
34.2127 40.8236 25.8996 37.7504 43.7326 37.0964 70.0131 39.9023 56.7654 32.2894 34.9836 41.3552 39.806 47.607 62.9501 5
34.2191 40.8217 25.8918 37.7493 43.7258 37.0923 70.0222 39.9128 56.7755 32.297 34.9756 41.3463 39.8137 47.608 62.9426 5
34.2192 40.8221 25.8931 37.749 43.7265 37.0932 70.0221 39.912 56.7753 32.2955 34.9754 41.3465 39.815 47.6082 62.9413 5
32.1494 41.2894 24.5255 40.1865 46.029 36.1971 69.7665 41.5798 58.8795 33.0593 37.1539 40.8178 42.3345 50.1949 63.7717 5
34.2142 40.8576 25.8826 37.7641 43.7224 37.1218 70.0157 39.9161 56.7549 32.258 34.9802 41.3309 39.8101 47.6179 62.952 5
34.2191 40.8217 25.8918 37.7493 43.7258 37.0923 70.0222 39.9128 56.7755 32.297 34.9756 41.3463 39.8137 47.608 62.9426 5
34.2218 40.8236 25.889 37.7532 43.723 37.0879 70.0235 39.9157 56.7762 32.2944 34.9755 41.3426 39.8132 47.6074 62.9416 5
34.1881 40.81 25.8922 37.6806 43.6933 37.1479 70.118 39.8542 56.7713 32.3589 34.9888 41.3656 39.7755 47.5357 62.8728 5
34.2191 40.8217 25.8918 37.7493 43.7258 37.0923 70.0222 39.9128 56.7755 32.297 34.9756 41.3463 39.8137 47.608 62.9426 5
33.7862 43.7714 25.7391 35.6708 40.912 34.3934 71.8151 40.7318 58.3321 31.2055 37.5367 39.5361 42.4021 48.0774 60.2856 5
34.2191 40.8217 25.8918 37.7493 43.7258 37.0923 70.0222 39.9128 56.7755 32.297 34.9756 41.3463 39.8137 47.608 62.9426 5
34.225 40.8274 25.8913 37.7496 43.7318 37.0928 70.0282 39.9061 56.7777 32.2993 34.9779 41.3518 39.8123 47.6011 62.9378 5
34.2263 40.8124 25.8955 37.7447 43.7051 37.0864 70.0184 39.9023 56.764 32.3053 34.9608 41.3327 39.8082 47.6102 62.9553 5
34.2191 40.8217 25.8918 37.7493 43.7258 37.0923 70.0222 39.9128 56.7755 32.297 34.9756 41.3463 39.8137 47.608 62.9426 5
42.7741 45.0062 24.3457 34.3566 43.7878 39.0848 70.9624 33.1489 59.1582 36.5089 32.6362 39.4711 39.2238 49.2428 54.2494 6
42.7741 45.0063 24.3457 34.3566 43.7877 39.0848 70.9624 33.1489 59.1582 36.5089 32.6362 39.471 39.2238 49.2428 54.2494 6
42.7742 45.0063 24.3457 34.3565 43.7877 39.0848 70.9624 33.1489 59.1582 36.5089 32.6362 39.471 39.2237 49.2428 54.2494 6
42.6505 45.0771 25.4045 33.1707 43.5747 40.3373 70.2548 32.9638 58.514 36.0843 32.6589 40.5277 38.0408 50.0798 54.8103 6
42.7742 45.0063 24.3457 34.3566 43.7877 39.0848 70.9624 33.1489 59.1582 36.5089 32.6362 39.4711 39.2237 49.2428 54.2494 6
42.7741 45.0063 24.3457 34.3566 43.7877 39.0848 70.9624 33.1489 59.1582 36.5089 32.6362 39.471 39.2238 49.2428 54.2494 6
44.2228 44.6743 26.7978 34.2388 44.8608 40.8623 70.6947 30.2636 61.3716 37.5518 35.8869 39.8924 40.1179 51.6969 53.4598 6
42.7741 45.0063 24.3457 34.3566 43.7877 39.0848 70.9624 33.1489 59.1582 36.5089 32.6362 39.471 39.2238 49.2428 54.2494 6
42.806 44.9888 24.3381 34.3634 43.7574 39.0418 70.9428 33.1743 59.1383 36.4782 32.6274 39.4484 39.2302 49.2542 54.2682 6
42.7724 45.0046 24.3454 34.3599 43.7888 39.0877 70.9616 33.1461 59.1555 36.506 32.6393 39.4694 39.2245 49.2391 54.2469 6
42.7691 45.0236 24.335 34.3447 43.7768 39.1167 70.9449 33.1322 59.1739 36.5019 32.6528 39.4986 39.2115 49.2529 54.2786 6
42.7741 45.0063 24.3457 34.3566 43.7877 39.0848 70.9624 33.1489 59.1582 36.5089 32.6362 39.471 39.2238 49.2428 54.2494 6
42.7741 45.0062 24.3457 34.3565 43.7878 39.0848 70.9623 33.1488 59.1581 36.5089 32.6362 39.471 39.2238 49.2427 54.2494 6
41.6344 47.6559 21.8469 37.3189 46.1039 36.9966 73.01 29.129 57.8952 39.7042 32.3952 40.9186 36.7012 50.533 57.4093 6
42.7647 45.0114 24.3345 34.3559 43.7729 39.0875 70.9792 33.1506 59.1665 36.5255 32.6236 39.4719 39.2207 49.2583 54.249 6
42.7741 45.0063 24.3457 34.3565 43.7878 39.0848 70.9624 33.1489 59.1582 36.5089 32.6362 39.471 39.2237 49.2428 54.2494 6
42.7745 45.0068 24.3453 34.3569 43.7871 39.0841 70.9625 33.1494 59.1578 36.5081 32.636 39.4702 39.2237 49.2436 54.249 6
42.7741 45.0063 24.3457 34.3566 43.7877 39.0848 70.9624 33.1489 59.1582 36.5089 32.6362 39.471 39.2238 49.2428 54.2494 6
45.913 43.3063 23.8618 30.8138 42.8076 36.0576 70.7693 30.8018 61.9517 34.5394 30.7635 37.2224 41.4944 45.6908 54.2487 6
43.3145 45.3659 23.9146 33.5477 43.5998 38.2533 70.8497 32.2887 59.6549 36.4021 32.3411 39.0344 39.9504 48.9446 54.3604 6
42.7741 45.0063 24.3457 34.3566 43.7877 39.0848 70.9624 33.1489 59.1582 36.5089 32.6362 39.471 39.2238 49.2428 54.2494 6
42.7741 45.0063 24.3457 34.3566 43.7877 39.0848 70.9624 33.1489 59.1582 36.5089 32.6362 39.471 39.2238 49.2428 54.2494 6
42.7539 44.9976 24.3607 34.3413 43.7794 39.0685 70.9579 33.1287 59.1729 36.5262 32.6361 39.4861 39.2434 49.2544 54.2622 6
42.7741 45.0063 24.3457 34.3566 43.7877 39.0848 70.9624 33.1489 59.1582 36.5089 32.6362 39.471 39.2238 49.2428 54.2494 6
44.3676 43.3005 27.8205 37.3617 45.5221 36.4565 70.9996 37.2937 54.883 34.0401 31.9364 39.6482 34.367 46.3134 56.0518 6
42.7734 45.007 24.3447 34.3553 43.7867 39.0839 70.9611 33.1487 59.1582 36.5084 32.6374 39.47 39.2237 49.2417 54.2483 6
42.7741 45.0063 24.3457 34.3566 43.7877 39.0848 70.9624 33.1489 59.1582 36.5089 32.6362 39.471 39.2238 49.2428 54.2494 6
42.7742 45.0056 24.345 34.3573 43.7871 39.0858 70.9624 33.1485 59.1587 36.5093 32.6372 39.4716 39.2232 49.2434 54.2485 6
42.7741 45.0063 24.3457 34.3566 43.7877 39.0848 70.9624 33.1489 59.1582 36.5089 32.6362 39.471 39.2238 49.2428 54.2494 6
42.7963 44.9407 24.3623 34.3385 43.7102 39.1024 70.9566 33.2016 59.1849 36.4508 32.6917 39.4363 39.285 49.3084 54.3151 6
42.7747 45.0068 24.3464 34.3557 43.789 39.0836 70.9622 33.1497 59.1574 36.5084 32.6375 39.4713 39.223 49.2415 54.2507 6
43.6016 45.1273 24.9239 33.7792 43.3233 38.7686 71.7545 32.3016 58.9314 37.1573 32.9238 39.3474 40.1905 50.1381 54.524 6
42.7741 45.0063 24.3457 34.3566 43.7877 39.0848 70.9624 33.1489 59.1582 36.5089 32.6362 39.471 39.2238 49.2428 54.2494 6
42.7741 45.0063 24.3458 34.3566 43.7877 39.0848 70.9624 33.1489 59.1582 36.5089 32.6362 39.4711 39.2237 49.2428 54.2493 6
42.7741 45.0063 24.3457 34.3566 43.7877 39.0848 70.9624 33.1489 59.1582 36.5089 32.6362 39.471 39.2238 49.2428 54.2494 6
42.7741 45.0063 24.3457 34.3566 43.7877 39.0848 70.9624 33.1489 59.1582 36.5089 32.6362 39.471 39.2238 49.2428 54.2494 6
42.7741 45.0063 24.3457 34.3566 43.7877 39.0848 70.9624 33.1489 59.1582 36.5089 32.6362 39.471 39.2238 49.2428 54.2494 6
42.7741 45.0063 24.3457 34.3566 43.7877 39.0848 70.9624 33.1489 59.1582 36.5089 32.6362 39.471 39.2238 49.2428 54.2494 6
42.7741 45.0064 24.3458 34.3568 43.7879 39.085 70.9624 33.149 59.1583 36.5086 32.6362 39.471 39.2237 49.2426 54.2492 6
42.7741 45.0063 24.3457 34.3566 43.7877 39.0848 70.9624 33.1489 59.1582 36.5089 32.6362 39.471 39.2238 49.2428 54.2494 6
42.7741 45.0063 24.3457 34.3566 43.7877 39.0848 70.9624 33.1489 59.1582 36.5089 32.6362 39.471 39.2238 49.2428 54.2494 6
42.7741 45.0063 24.3457 34.3566 43.7877 39.0848 70.9624 33.1489 59.1582 36.5089 32.6362 39.471 39.2238 49.2428 54.2494 6
42.7737 45.0061 24.3462 34.3572 43.7887 39.0835 70.9608 33.1475 59.1594 36.5075 32.6365 39.4704 39.224 49.2412 54.2508 6
42.7742 45.0063 24.3457 34.3566 43.7877 39.0848 70.9625 33.1489 59.1582 36.5089 32.6362 39.4711 39.2237 49.2428 54.2494 6
42.7741 45.0063 24.3457 34.3566 43.7877 39.0848 70.9624 33.1489 59.1582 36.5089 32.6362 39.471 39.2238 49.2428 54.2494 6
42.7637 45.0106 24.3626 34.3326 43.7826 39.0827 70.9389 33.1603 59.1862 36.5123 32.6499 39.4475 39.2506 49.2483 54.2244 6
42.7741 45.0063 24.3457 34.3566 43.7877 39.0848 70.9624 33.1489 59.1582 36.5089 32.6362 39.471 39.2238 49.2428 54.2494 6
42.7741 45.0063 24.3457 34.3566 43.7877 39.0848 70.9624 33.1489 59.1582 36.5089 32.6362 39.471 39.2238 49.2428 54.2494 6
42.7776 44.9868 24.3467 34.3474 43.802 39.0631 70.94 33.163 59.1386 36.5279 32.6435 39.4787 39.2425 49.2312 54.262 6
42.7741 45.0063 24.3457 34.3566 43.7877 39.0848 70.9624 33.1489 59.1582 36.5089 32.6362 39.471 39.2238 49.2428 54.2494 6
42.7741 45.0063 24.3457 34.3566 43.7877 39.0848 70.9624 33.1489 59.1582 36.5089 32.6362 39.471 39.2238 49.2428 54.2494 6
42.7741 45.0063 24.3457 34.3566 43.7877 39.0848 70.9624 33.1489 59.1582 36.5089 32.6362 39.471 39.2238 49.2428 54.2494 6
42.7741 45.0063 24.3457 34.3566 43.7877 39.0848 70.9624 33.1489 59.1582 36.5089 32.6362 39.471 39.2238 49.2428 54.2494 6
42.7741 45.0063 24.3457 34.3566 43.7877 39.0848 70.9624 33.1489 59.1582 36.5089 32.6362 39.471 39.2238 49.2428 54.2494 6
42.7735 45.0085 24.3451 34.3551 43.7896 39.0827 70.9649 33.1476 59.1568 36.5082 32.6338 39.4683 39.2217 49.2401 54.2466 6
42.7747 45.0055 24.3451 34.3562 43.7873 39.0844 70.9631 33.149 59.1586 36.5095 32.6363 39.4716 39.2241 49.2429 54.2499 6
42.7741 45.0063 24.3457 34.3566 43.7877 39.0848 70.9624 33.1489 59.1582 36.5089 32.6362 39.471 39.2238 49.2428 54.2494 6
42.7741 45.0063 24.3457 34.3566 43.7877 39.0848 70.9624 33.1489 59.1582 36.5089 32.6362 39.471 39.2238 49.2428 54.2494 6
42.7741 45.0063 24.3457 34.3566 43.7877 39.0848 70.9624 33.1489 59.1582 36.5089 32.6362 39.471 39.2238 49.2428 54.2494 6
43.4266 44.328 24.3515 33.8567 43.9587 38.8589 70.5584 32.5384 58.5143 37.0915 32.3258 40.0881 39.9949 48.9147 54.3094 6
42.7741 45.0063 24.3457 34.3566 43.7877 39.0848 70.9624 33.1489 59.1582 36.5089 32.6362 39.471 39.2238 49.2428 54.2494 6
42.7741 45.0063 24.3457 34.3566 43.7877 39.0848 70.9624 33.1489 59.1582 36.5089 32.6362 39.471 39.2238 49.2428 54.2494 6
42.7527 45.0021 24.3645 34.356 43.8015 39.0827 70.9613 33.1672 59.1699 36.5333 32.6394 39.4552 39.242 49.2554 54.2712 6
42.7741 45.0063 24.3457 34.3566 43.7877 39.0848 70.9624 33.1489 59.1582 36.5089 32.6362 39.471 39.2238 49.2428 54.2494 6
43.1123 45.1325 24.7389 33.9373 43.2688 39.4458 71.3234 33.2416 59.7336 36.7401 32.9507 40.0007 39.0882 48.8161 54.1617 6
42.8333 44.9955 24.3053 34.378 43.8547 39.0937 70.924 33.0803 59.1445 36.5894 32.5188 39.5454 39.3082 49.1275 54.1702 6
42.7601 44.9998 24.3494 34.3696 43.7946 39.0844 70.9558 33.1505 59.1698 36.4962 32.6366 39.4663 39.2235 49.2465 54.2547 6
42.7759 45.005 24.3468 34.3576 43.7895 39.0854 70.964 33.1465 59.1578 36.5098 32.6357 39.4699 39.2259 49.2422 54.2472 6
42.8274 44.8587 24.5094 34.4133 43.9759 38.9955 70.9335 33.1335 59.1911 36.4899 32.4783 39.4823 39.0195 49.057 54.3084 6
40.4985 45.3401 23.8902 32.5834 46.0376 36.955 69.0697 33.1271 58.3483 36.9864 32.2402 39.3397 38.9487 49.3555 55.3847 6
40.8302 45.5278 25.763 32.6756 39.6112 36.4501 71.1696 30.3343 51.7021 37.9174 30.7397 36.0362 43.483 43.8545 56.7912 7
40.8305 45.5281 25.7632 32.6758 39.6115 36.4503 71.1697 30.3344 51.702 37.9172 30.7398 36.0365 43.4827 43.8545 56.7912 7
39.6955 45.1972 27.2613 32.0912 40.9352 37.647 70.1997 30.0296 52.5035 38.6337 30.0656 36.9223 44.3986 44.9853 56.4659 7
40.8305 45.5281 25.7632 32.6758 39.6115 36.4503 71.1697 30.3344 51.702 37.9172 30.7398 36.0365 43.4827 43.8545 56.7912 7
40.8305 45.5281 25.7632 32.6758 39.6115 36.4503 71.1697 30.3344 51.702 37.9172 30.7398 36.0365 43.4827 43.8545 56.7912 7
42.2218 45.2288 25.6014 31.4995 38.5598 37.8934 69.7986 30.3941 50.28 36.7618 30.4244 37.5861 42.0494 43.3599 56.4826 7
40.8292 45.5277 25.7631 32.6745 39.6116 36.4497 71.1694 30.3331 51.7029 37.916 30.7389 36.0371 43.4823 43.8558 56.7919 7
40.8305 45.5281 25.7632 32.6758 39.6115 36.4503 71.1697 30.3344 51.702 37.9172 30.7398 36.0365 43.4827 43.8545 56.7912 7
40.8305 45.5281 25.7632 32.6758 39.6115 36.4503 71.1697 30.3344 51.702 37.9172 30.7398 36.0365 43.4827 43.8545 56.7912 7
41.912 47.8535 26.7185 30.77 38.856 36.6219 70.7625 30.5076 52.195 36.3541 30.8518 37.6332 44.0428 46.4777 54.5566 7
40.8305 45.5281 25.7632 32.6758 39.6115 36.4503 71.1697 30.3344 51.702 37.9172 30.7398 36.0365 43.4827 43.8545 56.7912 7
40.8302 45.5296 25.7642 32.6769 39.6103 36.4484 71.1676 30.3331 51.7034 37.9188 30.7382 36.0353 43.4815 43.8542 56.7917 7
40.8305 45.5281 25.7632 32.6758 39.6115 36.4503 71.1697 30.3344 51.702 37.9172 30.7398 36.0365 43.4827 43.8545 56.7912 7
40.8384 45.4817 25.7257 32.6478 39.6569 36.4977 71.1504 30.2939 51.7253 37.8796 30.7503 36.0139 43.4504 43.8922 56.7705 7
40.8282 45.528 25.7634 32.6775 39.6107 36.448 71.1713 30.3378 51.701 37.9173 30.7408 36.0356 43.4826 43.8511 56.7919 7
40.8305 45.5281 25.7632 32.6758 39.6115 36.4503 71.1697 30.3344 51.702 37.9172 30.7398 36.0365 43.4827 43.8545 56.7912 7
40.8305 45.5281 25.7632 32.6758 39.6115 36.4503 71.1697 30.3344 51.702 37.9172 30.7398 36.0365 43.4827 43.8545 56.7912 7
40.8305 45.5281 25.7632 32.6758 39.6115 36.4503 71.1697 30.3344 51.702 37.9172 30.7398 36.0365 43.4827 43.8545 56.7912 7
40.8437 45.8696 25.4507 32.8829 39.2379 36.6394 70.8623 30.8975 52.3118 37.9591 30.5019 35.3546 43.9046 43.5827 57.2593 7
40.7789 45.4736 25.6716 32.5497 39.5627 36.4587 71.1601 30.4107 51.5768 37.8213 30.6332 36.1548 43.4705 43.8402 56.7303 7
40.8299 45.5277 25.7587 32.6713 39.6188 36.4429 71.1712 30.3409 51.7096 37.9123 30.7417 36.0295 43.4772 43.8535 56.7865 7
40.8305 45.5282 25.763 32.6756 39.6116 36.4505 71.1696 30.3343 51.702 37.9172 30.7396 36.0364 43.4828 43.8544 56.7912 7
40.6037 44.0795 23.8668 33.5346 41.5313 36.7773 70.3108 28.5886 51.577 39.0317 28.9793 37.0167 41.4993 43.5295 57.3608 7
41.0625 45.6876 25.7323 32.4561 39.3197 36.265 71.0837 30.3361 51.9147 37.937 30.5811 36.29 43.6992 43.5782 56.7832 7
40.8305 45.5281 25.7632 32.6758 39.6115 36.4503 71.1697 30.3344 51.702 37.9172 30.7398 36.0365 43.4827 43.8545 56.7912 7
40.8305 45.5281 25.7632 32.6758 39.6115 36.4503 71.1697 30.3344 51.702 37.9172 30.7398 36.0365 43.4826 43.8545 56.7912 7
40.7808 45.5915 25.8211 32.6258 39.6043 36.4498 71.1464 30.3162 51.6537 37.9581 30.8019 36.0666 43.4708 43.9073 56.8368 7
40.8305 45.5281 25.7632 32.6758 39.6115 36.4503 71.1697 30.3344 51.702 37.9172 30.7398 36.0365 43.4827 43.8545 56.7912 7
40.8296 45.5294 25.7619 32.6766 39.6114 36.4509 71.1695 30.3332 51.7022 37.916 30.7391 36.0353 43.483 43.8543 56.7902 7
40.8305 45.5281 25.7632 32.6758 39.6115 36.4503 71.1697 30.3344 51.702 37.9172 30.7398 36.0365 43.4827 43.8545 56.7912 7
40.8305 45.5281 25.7632 32.6758 39.6115 36.4503 71.1697 30.3344 51.702 37.9172 30.7398 36.0365 43.4827 43.8545 56.7912 7
40.8305 45.5281 25.7632 32.6758 39.6115 36.4503 71.1697 30.3344 51.702 37.9172 30.7398 36.0365 43.4827 43.8545 56.7912 7
40.8151 45.5009 25.7993 32.7261 39.6062 36.4188 71.1211 30.351 51.68 37.9188 30.7398 36.0176 43.4895 43.8363 56.806 7
40.8305 45.5281 25.7632 32.6758 39.6115 36.4503 71.1697 30.3344 51.702 37.9172 30.7398 36.0365 43.4827 43.8545 56.7912 7
40.8303 45.5241 25.767 32.6773 39.605 36.4456 71.1747 30.3367 51.6998 37.9198 30.7354 36.0312 43.4761 43.8561 56.7868 7
40.5226 46.4277 26.9956 33.9171 39.7924 36.6538 71.673 29.7835 51.8932 38.8737 31.6964 35.6473 43.7892 42.466 57.106 7
40.893 45.5815 25.8334 32.7145 39.6693 36.5191 71.188 30.358 51.7649 37.863 30.6889 36.0823 43.4945 43.8216 56.7929 7
40.8304 45.5281 25.7632 32.6758 39.6115 36.4503 71.1697 30.3344 51.702 37.9171 30.7398 36.0365 43.4827 43.8544 56.7912 7
40.8305 45.5281 25.7632 32.6758 39.6115 36.4503 71.1697 30.3344 51.702 37.9172 30.7398 36.0365 43.4827 43.8545 56.7912 7
40.9747 45.666 25.9531 32.7689 39.4003 36.4016 71.1946 30.3524 51.8485 38.0707 30.6167 36.0586 43.5501 44.0181 56.6857 7
40.0806 44.8527 25.0079 32.6779 38.7852 36.6477 70.3987 29.381 52.8797 36.6707 29.6562 35.2126 44.2199 44.0838 55.9839 7
40.8305 45.5281 25.7632 32.6758 39.6115 36.4503 71.1697 30.3344 51.702 37.9172 30.7398 36.0365 43.4827 43.8545 56.7912 7
40.8305 45.5281 25.7632 32.6758 39.6115 36.4503 71.1697 30.3344 51.702 37.9172 30.7398 36.0365 43.4826 43.8545 56.7912 7
40.8304 45.5281 25.7632 32.6757 39.6115 36.4503 71.1697 30.3344 51.702 37.9172 30.7398 36.0365 43.4826 43.8545 56.7912 7
40.8305 45.5281 25.7632 32.6758 39.6115 36.4503 71.1697 30.3344 51.702 37.9172 30.7398 36.0365 43.4827 43.8545 56.7912 7
40.8305 45.5281 25.7632 32.6758 39.6115 36.4503 71.1697 30.3344 51.702 37.9172 30.7398 36.0365 43.4827 43.8545 56.7912 7
40.8305 45.5281 25.7632 32.6758 39.6115 36.4503 71.1697 30.3344 51.702 37.9172 30.7398 36.0365 43.4827 43.8545 56.7912 7
40.8305 45.5281 25.7632 32.6758 39.6115 36.4503 71.1697 30.3344 51.702 37.9172 30.7398 36.0365 43.4827 43.8545 56.7912 7
40.8305 45.5281 25.7632 32.6758 39.6115 36.4503 71.1697 30.3344 51.702 37.9172 30.7398 36.0365 43.4827 43.8545 56.7912 7
40.748 45.6129 25.7949 32.5786 39.6264 36.5023 71.1998 30.4077 51.6114 37.9269 30.711 35.9314 43.4811 43.8458 56.7885 7
40.8305 45.5281 25.7632 32.6758 39.6115 36.4503 71.1697 30.3344 51.702 37.9172 30.7398 36.0365 43.4827 43.8545 56.7912 7
64.5333 4.67094 42.6764 61.8048 62.8868 45.9206 38.643 44.7051 5.85778 51.9451 43.0917 57.2605 24.0044 52.1389 68.6011 8
64.5333 4.67013 42.6762 61.8047 62.8869 45.9197 38.6437 44.7049 5.85699 51.9448 43.0912 57.2604 24.0049 52.139 68.6008 8
64.5332 4.67013 42.6761 61.8047 62.887 45.9197 38.6438 44.7049 5.85693 51.9448 43.0912 57.2605 24.0048 52.1389 68.6008 8
64.1205 5.15487 43.2582 60.5256 62.7144 46.3681 39.8505 43.3804 6.0075 52.8339 43.0716 57.4971 22.8839 50.9785 68.3923 8
64.5332 4.67013 42.6761 61.8047 62.887 45.9197 38.6438 44.7049 5.85692 51.9448 43.0912 57.2605 24.0048 52.1389 68.6009 8
64.457 4.69046 42.6201 61.7387 62.9322 45.8307 38.717 44.6449 5.90982 52.0158 43.0308 57.2282 23.991 52.146 68.6257 8
64.5337 4.67206 42.6784 61.8079 62.8772 45.9119 38.651 44.7053 5.84955 51.9411 43.0832 57.2693 24.0028 52.1443 68.607 8
65.6248 6.13014 41.8943 62.2096 64.4858 47.3051 39.0466 45.4577 3.46192 53.2123 45.4164 58.9441 22.9431 52.9711 71.1752 8
64.5335 4.67009 42.6758 61.8048 62.8872 45.9199 38.6438 44.7046 5.85673 51.9445 43.0909 57.2605 24.0047 52.1386 68.601 8
64.5332 4.67013 42.6761 61.8047 62.887 45.9197 38.6438 44.7049 5.85693 51.9448 43.0912 57.2605 24.0048 52.1389 68.6008 8
64.5332 4.67013 42.6761 61.8047 62.887 45.9197 38.6438 44.7049 5.85693 51.9448 43.0912 57.2605 24.0048 52.1389 68.6008 8
64.5332 4.67015 42.6761 61.8047 62.8871 45.9196 38.6437 44.705 5.857 51.9447 43.0912 57.2605 24.0048 52.139 68.6009 8
64.5333 4.67016 42.6761 61.8046 62.887 45.9196 38.6438 44.7048 5.85697 51.9448 43.0912 57.2604 24.0049 52.1389 68.6008 8
64.5413 4.66964 42.7039 61.78 62.9096 45.9053 38.6059 44.7099 5.83368 51.9414 43.0597 57.2944 23.9785 52.1272 68.6019 8
64.533 4.67006 42.6759 61.8036 62.8871 45.9193 38.6439 44.706 5.85696 51.9438 43.0899 57.2598 24.005 52.1396 68.5999 8
64.072 4.40596 42.9343 61.4975 62.2309 45.5532 39.0697 45.3388 6.40424 51.6863 42.7 57.5118 24.4881 51.6845 68.1607 8
64.5311 4.66929 42.6761 61.8015 62.8908 45.9206 38.6409 44.7073 5.85518 51.947 43.0928 57.2584 24.0026 52.1399 68.6041 8
64.5332 4.67013 42.6761 61.8047 62.887 45.9197 38.6438 44.7049 5.85693 51.9448 43.0912 57.2605 24.0048 52.1389 68.6008 8
64.5129 4.65309 42.6775 61.7858 62.8924 45.9184 38.6419 44.7119 5.86859 51.9381 43.0898 57.2777 24.0049 52.1327 68.5782 8
64.5334 4.67298 42.6715 61.8073 62.8895 45.918 38.6388 44.7006 5.85835 51.9405 43.0915 57.2564 24.0063 52.141 68.6006 8
64.533 4.67022 42.676 61.8047 62.887 45.9199 38.6439 44.7048 5.85681 51.9447 43.0911 57.2605 24.005 52.1391 68.6009 8
64.638 4.79421 42.5869 61.8469 63.0045 45.8674 38.6325 44.7676 5.88342 52.0397 43.0686 57.3879 23.9662 52.0825 68.4844 8
64.5332 4.67013 42.6761 61.8047 62.887 45.9197 38.6438 44.7049 5.85693 51.9448 43.0912 57.2605 24.0048 52.1389 68.6008 8
64.5332 4.67013 42.6761 61.8047 62.887 45.9197 38.6438 44.7049 5.85693 51.9448 43.0912 57.2605 24.0048 52.1389 68.6008 8
64.5332 4.67013 42.6761 61.8047 62.887 45.9197 38.6438 44.7049 5.85693 51.9448 43.0912 57.2605 24.0048 52.1389 68.6008 8
64.4193 4.13486 41.9788 61.5594 62.4287 46.1074 38.388 42.4941 5.46231 52.67 40.8062 55.4127 23.6542 49.727 71.1459 8
64.533 4.67035 42.6759 61.8046 62.8869 45.9195 38.6437 44.7049 5.85673 51.9449 43.091 57.2607 24.0047 52.1388 68.6008 8
65.7582 5.48102 39.3725 60.9241 62.5159 44.2675 38.6733 44.8466 7.98557 50.253 40.9209 57.8186 25.2202 53.7215 70.1071 8
64.5344 4.6707 42.6756 61.8036 62.8877 45.9208 38.645 44.7059 5.85806 51.9446 43.0912 57.2606 24.0046 52.1393 68.6018 8
64.5348 4.66965 42.6756 61.8038 62.8871 45.9212 38.6454 44.7067 5.85794 51.9446 43.0923 57.2625 24.0049 52.14 68.5989 8
64.5332 4.67013 42.6761 61.8047 62.887 45.9197 38.6438 44.7049 5.85693 51.9448 43.0912 57.2605 24.0048 52.1389 68.6009 8
64.5332 4.67013 42.6761 61.8047 62.887 45.9197 38.6438 44.7049 5.85692 51.9448 43.0912 57.2605 24.0048 52.1389 68.6008 8
64.5332 4.67013 42.6761 61.8047 62.887 45.9197 38.6438 44.7049 5.85693 51.9448 43.0912 57.2605 24.0048 52.1389 68.6009 8
64.5332 4.67021 42.6762 61.8046 62.8871 45.9197 38.6437 44.7048 5.857 51.9448 43.0911 57.2604 24.0047 52.1389 68.6008 8
64.5332 4.67013 42.6761 61.8047 62.887 45.9197 38.6438 44.7049 5.85693 51.9448 43.0912 57.2605 24.0048 52.1389 68.6009 8
64.8022 4.50878 42.7755 61.8018 62.82 46.0464 38.6746 44.6712 5.65359 51.7927 43.1341 57.0541 24.0424 52.3416 68.3651 8
64.5311 4.66974 42.674 61.8025 62.8856 45.918 38.6444 44.7069 5.85557 51.9426 43.0893 57.2604 24.0053 52.1374 68.5988 8
64.5332 4.67013 42.6761 61.8047 62.887 45.9197 38.6438 44.7049 5.85693 51.9448 43.0912 57.2605 24.0048 52.1389 68.6008 8
64.5332 4.67014 42.6761 61.8047 62.887 45.9197 38.6438 44.7049 5.85692 51.9448 43.0912 57.2605 24.0048 52.1389 68.6008 8
64.5328 4.66954 42.6765 61.8049 62.8878 45.9204 38.6441 44.7041 5.8572 51.9443 43.0906 57.26 24.0054 52.1397 68.6009 8
64.5332 4.67013 42.6761 61.8047 62.887 45.9197 38.6438 44.7049 5.85693 51.9448 43.0912 57.2605 24.0048 52.1389 68.6008 8
64.7524 4.74916 42.4047 62.0786 62.7685 46.2534 38.7821 44.3878 6.11524 51.9764 43.0774 57.146 23.9277 52.0898 68.6798 8
64.5363 4.63222 42.6651 61.8192 62.8916 45.9408 38.685 44.7317 5.81469 51.9433 43.1268 57.2234 24.0261 52.1162 68.6446 8
64.4959 5.00752 42.9186 61.5204 63.5622 45.2947 39.169 44.6607 5.76762 51.6352 42.9995 57.5465 24.4007 51.9159 68.0846 8
64.5332 4.67013 42.6761 61.8047 62.887 45.9197 38.6438 44.7049 5.85693 51.9448 43.0912 57.2605 24.0048 52.1389 68.6008 8
64.5333 4.67021 42.6762 61.8048 62.8868 45.9196 38.6438 44.7051 5.85685 51.9446 43.0913 57.2606 24.005 52.1388 68.6011 8
64.5332 4.67013 42.6761 61.8047 62.887 45.9197 38.6438 44.7049 5.85693 51.9448 43.0912 57.2605 24.0048 52.1389 68.6008 8
64.5332 4.67016 42.6762 61.8046 62.887 45.9197 38.6437 44.7049 5.85693 51.9448 43.0912 57.2605 24.0048 52.1389 68.6009 8
64.5332 4.67013 42.6761 61.8047 62.887 45.9197 38.6438 44.7049 5.85693 51.9448 43.0912 57.2605 24.0048 52.1389 68.6008 8
64.5332 4.67013 42.6761 61.8047 62.887 45.9197 38.6438 44.7049 5.85693 51.9448 43.0912 57.2605 24.0048 52.1389 68.6008 8
61.8647 19.8188 21.56 22.2073 35.9255 56.0794 76.0665 11.8251 1.09075 69.0045 74.2867 60.6062 47.9286 61.8856 20.9965 9
61.867 19.821 21.5605 22.2144 35.9125 56.0828 76.062 11.8229 1.08723 69.0049 74.2711 60.5978 47.937 61.8937 20.9985 9
61.863 19.8158 21.5537 22.2143 35.9241 56.0672 76.0554 11.8295 1.08503 68.9999 74.2931 60.6071 47.918 61.8836 20.9869 9
61.8677 19.8189 21.5626 22.2074 35.9235 56.0752 76.0652 11.8246 1.09328 69.0046 74.2846 60.6101 47.9286 61.8815 20.9928 9
61.8667 19.8205 21.5623 22.208 35.9246 56.0765 76.0661 11.8242 1.09494 69.0044 74.2849 60.6092 47.9296 61.8814 20.9935 9
61.1972 18.8348 21.4261 22.544 36.7319 55.2822 76.7439 11.495 1.82455 69.2048 73.3409 60.9148 47.9138 60.7868 20.9597 9
61.8672 19.8192 21.5627 22.2071 35.9234 56.0753 76.0653 11.8248 1.09369 69.0044 74.2845 60.6097 47.9284 61.8814 20.9931 9
61.8672 19.8192 21.5627 22.2071 35.9234 56.0753 76.0653 11.8248 1.09368 69.0044 74.2845 60.6097 47.9284 61.8814 20.9931 9
61.8672 19.8192 21.5627 22.2071 35.9234 56.0753 76.0653 11.8248 1.09369 69.0044 74.2845 60.6097 47.9284 61.8814 20.9931 9
61.8672 19.8192 21.5627 22.2071 35.9234 56.0753 76.0653 11.8248 1.09369 69.0044 74.2845 60.6097 47.9284 61.8814 20.9931 9
61.8634 19.8161 21.5581 22.21 35.9189 56.079 76.0623 11.8241 1.09604 69.0048 74.2887 60.6134 47.9289 61.8862 20.993 9
61.8672 19.8192 21.5627 22.2071 35.9234 56.0753 76.0653 11.8248 1.09369 69.0044 74.2845 60.6097 47.9284 61.8814 20.9931 9
61.8672 19.8192 21.5627 22.2071 35.9234 56.0753 76.0653 11.8248 1.09368 69.0044 74.2845 60.6097 47.9284 61.8814 20.9931 9
61.9176 19.7779 21.4685 22.133 35.8211 55.9946 76.0023 11.8074 1.02129 68.9118 74.1639 60.6305 47.8347 61.9464 20.9815 9
61.8672 19.8192 21.5627 22.2071 35.9234 56.0753 76.0653 11.8248 1.09369 69.0044 74.2845 60.6097 47.9284 61.8814 20.9931 9
61.8669 19.8188 21.5628 22.2068 35.9232 56.0755 76.0656 11.825 1.09379 69.0041 74.2846 60.6098 47.9283 61.8816 20.9932 9
61.4174 19.7548 22.0059 22.3302 35.6758 55.3332 76.6334 11.5337 0.987744 69.4552 74.9267 60.9281 47.609 61.0194 20.0794 9
61.8671 19.8192 21.5628 22.2068 35.9237 56.0754 76.0651 11.8251 1.09341 69.0046 74.2843 60.6096 47.9284 61.8814 20.9931 9
61.8672 19.8192 21.5627 22.2071 35.9234 56.0753 76.0653 11.8248 1.09369 69.0044 74.2845 60.6097 47.9284 61.8814 20.9931 9
61.8672 19.8192 21.5627 22.2071 35.9234 56.0753 76.0653 11.8248 1.09369 69.0044 74.2845 60.6097 47.9284 61.8814 20.9931 9
61.8672 19.8192 21.5627 22.2071 35.9234 56.0753 76.0653 11.8248 1.09368 69.0044 74.2845 60.6097 47.9284 61.8814 20.9931 9
61.8673 19.8191 21.5626 22.2071 35.9233 56.0753 76.0653 11.8248 1.09367 69.0044 74.2847 60.6095 47.9284 61.8816 20.9932 9
61.8663 19.8194 21.5606 22.2084 35.9259 56.0768 76.0678 11.826 1.09347 69.0046 74.2834 60.6075 47.9288 61.8817 20.9933 9
61.8672 19.8192 21.5627 22.2071 35.9234 56.0753 76.0653 11.8248 1.09369 69.0044 74.2845 60.6097 47.9284 61.8814 20.9931 9
61.8672 19.8192 21.5627 22.2071 35.9234 56.0753 76.0653 11.8248 1.0937 69.0044 74.2845 60.6097 47.9284 61.8814 20.9931 9
61.8672 19.8192 21.5627 22.2071 35.9234 56.0753 76.0653 11.8248 1.09369 69.0044 74.2845 60.6097 47.9284 61.8814 20.9931 9
61.8499 19.8237 21.49 22.1807 35.9542 56.0236 76.077 11.7709 1.11343 68.9896 74.2257 60.5675 47.836 61.8815 20.9209 9
61.8672 19.8192 21.5627 22.2071 35.9234 56.0753 76.0653 11.8248 1.09369 69.0044 74.2845 60.6097 47.9284 61.8814 20.9931 9
61.8672 19.8192 21.5627 22.2071 35.9234 56.0753 76.0653 11.8248 1.09369 69.0044 74.2845 60.6097 47.9284 61.8814 20.9931 9
61.8666 19.819 21.5624 22.206 35.924 56.0763 76.0647 11.8254 1.09417 69.0051 74.2844 60.6099 47.9277 61.8822 20.9941 9
61.5188 20.1217 21.7692 21.985 36.1859 55.8931 75.8652 12.0783 1.21248 68.9287 74.2503 60.8246 48.1534 61.8841 20.9394 9
61.8672 19.8192 21.5627 22.2071 35.9234 56.0753 76.0653 11.8248 1.09369 69.0044 74.2845 60.6097 47.9284 61.8814 20.9931 9
61.8672 19.8192 21.5627 22.2071 35.9234 56.0753 76.0653 11.8248 1.09369 69.0044 74.2845 60.6097 47.9284 61.8814 20.9931 9
61.7975 19.7664 21.4842 22.2278 35.9961 56.1434 75.9805 11.7513 1.14436 68.9425 74.3638 60.6515 47.9721 61.8993 20.905 9
61.8672 19.8192 21.5627 22.2071 35.9234 56.0753 76.0653 11.8248 1.09369 69.0044 74.2845 60.6097 47.9284 61.8814 20.9931 9
61.8679 19.8187 21.5636 22.2063 35.9234 56.0756 76.065 11.8251 1.09342 69.0038 74.2837 60.6091 47.929 61.8811 20.9924 9
61.9234 19.7682 21.4979 22.1499 35.87 56.0189 76.0398 11.7623 1.13518 69.0253 74.2605 60.5945 47.8946 61.9166 20.9948 9
61.8672 19.8192 21.5627 22.2071 35.9234 56.0753 76.0653 11.8248 1.09369 69.0044 74.2845 60.6097 47.9284 61.8814 20.9931 9
61.8672 19.8192 21.5627 22.2071 35.9234 56.0753 76.0653 11.8248 1.09368 69.0044 74.2845 60.6097 47.9284 61.8814 20.9931 9
61.8672 19.8192 21.5627 22.2071 35.9234 56.0753 76.0653 11.8248 1.09369 69.0044 74.2845 60.6097 47.9284 61.8814 20.9931 9
61.8673 19.8192 21.5627 22.2071 35.9235 56.0753 76.0653 11.8248 1.09367 69.0044 74.2845 60.6097 47.9284 61.8814 20.9931 9
61.8672 19.8192 21.5627 22.2071 35.9234 56.0753 76.0653 11.8248 1.09368 69.0044 74.2845 60.6097 47.9284 61.8814 20.9931 9
61.8777 19.8146 21.5491 22.2222 35.9076 56.0865 76.0781 11.8186 1.08403 68.9934 74.2766 60.623 47.9223 61.8792 20.9866 9
61.8672 19.8192 21.5627 22.2071 35.9234 56.0753 76.0653 11.8248 1.09369 69.0044 74.2845 60.6097 47.9284 61.8814 20.9931 9
61.8674 19.8192 21.5626 22.2072 35.9236 56.0753 76.0653 11.8249 1.09363 69.0045 74.2844 60.6095 47.9283 61.8814 20.9931 9
61.8672 19.8192 21.5627 22.2071 35.9234 56.0753 76.0653 11.8248 1.09369 69.0044 74.2845 60.6097 47.9284 61.8814 20.9931 9
61.8672 19.8192 21.5627 22.2071 35.9234 56.0753 76.0653 11.8248 1.09369 69.0044 74.2845 60.6097 47.9284 61.8814 20.9931 9
61.8672 19.8192 21.5627 22.2071 35.9234 56.0753 76.0653 11.8248 1.09369 69.0044 74.2845 60.6097 47.9284 61.8814 20.9931 9
61.8672 19.8192 21.5627 22.2071 35.9234 56.0753 76.0653 11.8248 1.09369 69.0044 74.2845 60.6097 47.9284 61.8814 20.9931 9
61.8672 19.8192 21.5627 22.2071 35.9234 56.0753 76.0653 11.8248 1.09369 69.0044 74.2845 60.6097 47.9284 61.8814 20.9931 9
61.8672 19.8193 21.5627 22.2071 35.9235 56.0753 76.0652 11.8248 1.09371 69.0044 74.2845 60.6097 47.9284 61.8814 20.9931 9
61.8688 19.8182 21.5626 22.2068 35.9239 56.0771 76.0644 11.8254 1.09423 69.0056 74.284 60.6081 47.9294 61.8814 20.9923 9
61.8648 19.821 21.5614 22.2051 35.9241 56.0755 76.0675 11.8242 1.09325 69.0035 74.2842 60.609 47.931 61.8831 20.9924 9
61.868 19.8187 21.563 22.2074 35.9243 56.0746 76.0656 11.8255 1.09431 69.0045 74.2852 60.6102 47.9284 61.8822 20.9926 9
64.2559 20.4519 21.049 20.0811 35.604 55.9552 75.0807 11.7023 3.25182 69.0872 76.6981 60.1045 47.1537 60.4908 19.8754 9
61.8672 19.8192 21.5627 22.2071 35.9234 56.0753 76.0653 11.8248 1.09369 69.0044 74.2845 60.6097 47.9284 61.8814 20.9931 9
61.8672 19.8192 21.5627 22.2071 35.9234 56.0753 76.0653 11.8248 1.09369 69.0044 74.2845 60.6097 47.9284 61.8814 20.9931 9
61.8673 19.8262 21.5625 22.2038 35.9267 56.0825 76.0696 11.8306 1.09865 68.9956 74.2891 60.6157 47.9224 61.8794 20.9889 9
61.8735 19.8324 21.5554 22.196 35.9344 56.0871 76.0572 11.8165 1.10212 68.9987 74.2817 60.6042 47.9336 61.8887 20.9972 9
61.8672 19.82 21.5637 22.2068 35.9227 56.0743 76.0652 11.8244 1.0932 69.0034 74.2836 60.6096 47.9275 61.8804 20.9937 9
61.8672 19.8192 21.5627 22.2071 35.9234 56.0753 76.0653 11.8248 1.09369 69.0044 74.2845 60.6097 47.9284 61.8814 20.9931 9
61.7168 20.1613 21.2415 22.3978 35.952 55.9971 75.8867 12.0106 0.657488 68.8934 74.8411 61.2424 47.5048 62.1467 21.5235 9
61.8671 19.8196 21.5623 22.2069 35.9237 56.0756 76.0657 11.8247 1.09394 69.0041 74.2843 60.6099 47.9286 61.8814 20.9929 9
61.8672 19.8192 21.5627 22.2071 35.9234 56.0753 76.0653 11.8248 1.09369 69.0044 74.2845 60.6097 47.9284 61.8814 20.9931 9
61.8672 19.8192 21.5627 22.2071 35.9234 56.0753 76.0653 11.8248 1.09369 69.0044 74.2845 60.6097 47.9284 61.8814 20.9931 9
61.8731 19.8176 21.5665 22.2139 35.9196 56.0668 76.0688 11.8208 1.08764 69.0133 74.289 60.6142 47.9332 61.8778 20.9895 9
61.8672 19.8193 21.5627 22.2071 35.9234 56.0753 76.0653 11.8248 1.09369 69.0044 74.2845 60.6097 47.9285 61.8815 20.9931 9
61.8671 19.8191 21.5625 22.2073 35.9235 56.0753 76.0655 11.8247 1.09371 69.0044 74.2844 60.6099 47.9284 61.8816 20.9929 9
61.8672 19.8192 21.5627 22.2071 35.9234 56.0753 76.0653 11.8248 1.09369 69.0044 74.2845 60.6097 47.9284 61.8814 20.9931 9
